#	1:SNV	2:INSERTION	-1:DELETION	0:NULL
gene	P-1 assembloid	P-1 organoid	P-1 parental tumour	P-2 assembloid	P-2 organoid	P-2 parental tumour	P-3 assembloid	P-3 organoid	P-3 parental tumour	P-6 assembloid	P-6 organoid	P-6 parental tumour
STARD9	1	1	1	1	1	1	1	1	1	1	1	1
ZBTB8B	1	1	1	0	0	0	1	1	1	1	1	1
TTN	0	0	0	1	1	1	1	1	1	1	1	1
SDK1	1	1	1	1	1	1	1	1	1	0	0	0
STXBP4	1	1	1	1	1	1	0	0	0	1	1	1
TP53	2	2	2	0	0	0	1	1	1	1	1	1
FRAS1	0	0	0	1	1	1	-1_1	-1_1	-1_1	1	1	1
DNAH8	1	1	1	0	0	0	1	1	1	1	1	1
DNAH3	1	1	1	0	0	0	1	1	1	1	1	1
USH2A	1	1	1	1	1	1	0	0	0	1	1	1
OTOG	1	1	1	1	1	1	0	0	0	1	1	1
KMT2D	1	1	1	1_-1	1_-1	1	0	0	0	1	1	1
ARHGAP5	1	1	1	0	1	1	1	1	1	0	0	0
RYK	1	1_2	1_2	0	2	2	1	1	1_2	0	0	0
AHNAK2	0	0	0	0	0	1	1	1	1	1	1	1
FAT1	0	0	1	1	1	1	1	1	1	0	0	0
TMEM8B	0	0	0	0	1	1	0	1	1	1	1	1
KMT2C	0	1	0	1	1	1	0	0	0	1	1	1
NPHS1	0	0	0	0	0	1	1	1	1	1	1	1
MYO3B	0	0	0	1	1	1	0	0	0	1	1	1
ITGA1	0	0	0	1	1	1	0	0	0	1	1	1
ITGA5	1	1	1	1	1	1	0	0	0	0	0	0
SZT2	1	1	1	0	0	0	1	1	1	0	0	0
PLB1	0	0	0	1	1	1	0	0	0	1	1	1
SYTL2	1	1	1	1	1	1	0	0	0	0	0	0
KNDC1	1	1	1	0	0	0	1	1	1	0	0	0
RHBDL1	0	2	2	0	0	0	1	1	1	0	0	1
OR4C15	0	0	0	1	1	1	1	1	1	0	0	0
AFM	1	1	1	1	1	1	0	0	0	0	0	0
CACNA1I	1	1	1	1	1	1	0	0	0	0	0	0
GSDMD	1	1	1	0	0	0	0	0	0	1	1	1
ADAMTS12	0	0	0	0	0	0	1	1	1	1	1	1
FBXO47	0	0	0	1	1	1	1	1	1	0	0	0
MYO16	0	0	0	0	0	0	1	1	1	1	1	1
POLQ	1	1	1	0	0	0	1	1	1	0	0	0
PIEZO1	2	2	2	1	1	1	0	0	0	0	0	0
COL6A3	0	0	0	1	1	1	0	0	0	1	1	1
FAT3	1	1	1	0	0	0	0	0	0	1	1	1
FAT4	1	1	1	0	0	0	0	0	0	1	1	1
IL17RA	1	1	1	0	0	0	1	1	1	0	0	0
MUC5B	0	0	0	0	0	0	1	1	1	1	1	1
PKD2	1	1	1	1	1	1	0	0	0	0	0	0
PKD1	1	1	1	0	0	0	1	1	1	0	0	0
STPG1	0	0	0	-1	-1	-1	0	0	0	1	1	1
VPS13C	1	1	1	1	1	1	0	0	0	0	0	0
MIEF2	1	1	1	0	0	0	0	0	0	1	1	1
SLC4A1AP	1	1	1	0	0	0	1	1	1	0	0	0
UBE4B	0	0	0	0	0	0	1	1	1	1	1	1
LRIT1	-1	-1	-1	0	0	0	1	1	1	0	0	0
HIP1R	1	1	1	0	0	0	0	0	0	1	1	1
NCOA4	1	1	1	1	1	1	0	0	0	0	0	0
IL2RB	0	0	0	0	0	0	1	1	1	1	1	1
ZFYVE28	0	0	0	0	0	0	1	1	1	1	1	1
RBM20	0	0	0	0	0	0	1	1	1	1	1	1
PRSS12	0	0	0	1	1	1	1	1	1	0	0	0
TRIP11	1	1	1	0	0	0	0	0	0	1	1	1
FCHSD1	0	0	0	1	1	1	1	1	1	0	0	0
ADAMTSL3	0	0	0	0	0	0	1	1	1	1	1	1
OR2AG1	0	0	0	0	0	0	1	1	1	1	1	1
GPR98	1	1	1	0	0	0	1	1	1	0	0	0
ADGRD1	0	0	0	1	1	1	1	1	1	0	0	0
MSH6	1	1	1	1	1	1	0	0	0	0	0	0
ADCK2	0	0	0	0	0	0	1	1	1	1	1	1
ENDOU	1	1	1	0	0	0	0	0	0	1	1	1
OR4X2	0	0	0	1	1	1	1	1	1	0	0	0
FKBP15	1	1	1	1	1	1	0	0	0	0	0	0
WWP2	1	1	1	0	0	0	1	1	1	0	0	0
AKNA	1	1	1	0	0	0	0	0	0	1	1	1
AFF1	0	0	0	1	1	1	1	1	1	0	0	0
CLUH	0	0	0	1	1	1	1	1	1	0	0	0
TAGAP	1	1	1	0	0	0	0	0	0	1	1	1
SPTBN5	0	0	0	0	0	0	1	1	1	1	1	1
GDF5	0	0	0	1	1	1	1	1	1	0	0	0
CYP2A7	0	0	0	1	1	1	0	0	0	1	1	1
MUC22	0	0	2	0	0	0	0	2	2	1	1	1
BCAM	0	0	0	1	1	1	1	1	1	0	0	0
HTT	0	0	0	1	1	1	1	1	1	0	0	0
GBGT1	0	0	0	1	1	1	1	1	1	0	0	0
ELN	0	0	0	0	0	0	1	1	1	1	1	1
SERPINA3	0	0	0	1	1	1	1	1	1	0	0	0
BCL10	0	0	0	1	1	1	1	1	1	0	0	0
PCSK5	1	1	1	0	0	0	0	0	0	1	1	1
DUSP27	1	1	1	0	0	0	0	0	0	1	1	1
MUC17	1	1	1	1	1	1	0	0	0	0	0	0
ZNF225	1	1	1	0	0	0	1	1	1	0	0	0
ZSCAN5B	1	1	1	0	0	0	0	0	0	1	1	1
TMEM63C	0	0	0	1	1	1	1	1	1	0	0	0
CGNL1	1	1	1	0	0	0	1	1	1	0	0	0
DDX52	0	0	0	0	0	0	1	1	1	1	1	1
PCNT	1	1	1	0	0	0	0	0	0	1	1	1
FGD6	0	0	0	1	1	1	0	0	0	1	1	1
FGD2	1	1	1	1	1	1	0	0	0	0	0	0
CEP250	0	0	0	1	1	1	1	1	1	0	0	0
ARHGAP45	0	0	0	1	1	1	2	2	2	0	0	0
TECPR2	0	0	0	1	1	1	1	1	1	0	0	0
IL12RB2	0	0	0	0	0	0	1	1	1	1	1	1
HRAS	0	0	0	1	1	1	1	1	1	0	0	0
KIF26B	1	1	1	0	0	0	1	1	1	0	0	0
GPR179	1	1	1	0	0	0	0	0	0	1	1	1
QSER1	0	0	0	0	0	0	1	1	1	1	1	1
UVRAG	1	1	1	1	1	1	0	0	0	0	0	0
AP4E1	0	0	0	1	1	1	1	1	1	0	0	0
PCDHA2	1	1	1	0	0	0	0	0	0	1	1	1
PCDHA3	1	1	1	0	0	0	1	1	1	0	0	0
PCDHA4	0	0	0	1	1	1	0	0	0	1	1	1
BSCL2	0	0	0	0	0	0	1	1	1	1	1	1
C11ORF49	0	0	0	1	1	1	1	1	1	0	0	0
UNC13C	1	1	1	1	1	1	0	0	0	0	0	0
SYNE2	0	0	0	0	0	0	1	1	1	1	1	1
ETFBKMT	0	0	0	1	1	1	0	0	0	1	1	1
TSR1	1	1	1	0	0	0	1	1	1	0	0	0
FLG	0	0	0	1	1	1	1	1	1	0	0	0
DAPK1	1	1	1	0	0	0	0	0	0	1	1	1
PTPRQ	0	0	0	1	1	1	0	0	0	1	1	1
WRN	0	0	0	1	1	1	1	1	1	0	0	0
CEP295	1	1	1	0	0	0	0	0	0	1	1	1
CBS	1	1	1	0	0	0	1	1	1	0	0	0
TRIM54	0	0	0	1	1	1	1	1	1	0	0	0
GGN	0	1	1	0	0	0	0	1	0	1	1	1
LAMA5	0	0	0	0	0	0	1	1	1	1	1	1
PPFIA2	0	0	0	0	0	0	1	1	1	1	1	1
APOL3	0	0	0	1	1	1	0	0	0	1	1	1
NFE2L3	0	0	0	-1	-1	-1	0	0	0	1_-1	1_-1	1_-1
CFAP65	1	1	1	0	0	0	0	0	0	1	1	1
PKHD1	1	1	1	0	0	0	0	0	0	1	1	1
PLA2G4A	0	0	0	1	1	1	0	0	0	1	1	1
LYST	1	1	1	1	1	1	0	0	0	0	0	0
SOX1	0	0	0	1	1	1	1	1	1	0	0	0
MZF1	0	0	0	0	0	0	1	1	1	1	1	1
NOP14	0	0	0	1	1	1	0	0	0	1	1	1
MAP2K7	0	0	0	0	0	0	2	2	2	2	2	2
ABCC2	1	1	1	1	1	1	0	0	0	0	0	0
DNAH17	0	0	0	0	0	0	1	1	1	1	1	1
GOLGA4	0	0	0	0	0	0	1	1	1	1	1	1
MACF1	1	1	1	1	1	1	0	0	0	0	0	0
CCDC105	1	1	1	1	1	1	0	0	0	0	0	0
CGN	0	0	0	1	1	1	1	1	1	0	0	0
BAIAP2L2	2	2	2	2	2	2	0	0	0	0	0	0
ELF3	0	0	0	0	0	0	2	2	2	2	2	2
DMKN	0	0	0	0	0	0	1	1	1	1	1	1
LUZP1	1	1	1	0	0	0	1	1	1	0	0	0
GOLGA6L6	0	1	1	1	0	1	0	0	0	0	0	1
ADHFE1	1	1	1	0	0	0	0	0	0	1	0	1
MARVELD2	0	0	0	0	0	0	1	1	0	1	1	1
CCDC9B	0	0	0	0	1	1	1	1	1	0	0	0
C11ORF88	1	1	1	0	1	1	0	0	0	0	0	0
TBP	0	0	0	0	2	0	2	2	0	0	2	2
RBM33	0	0	0	1	1	1	1	1	0	0	0	0
NBAS	0	0	0	0	0	1	0	0	1	1	1	1
GLG1	0	0	0	1	1	1	0	0	0	0	1	1
SSTR1	2	2	2	0	0	0	0	0	0	2	0	2
ETAA1	0	1	1	0	0	0	0	0	0	1	1	1
RAD50	0	0	0	0	-1	0	0	-1	0	1	1	1
RAPGEF6	0	0	0	1	1	1	0	0	0	1	0	1
MAGEC1	0	0	0	1	1	1	0	-1	0	0	1	0
CLCC1	0	0	0	0	0	0	1	1	0	1	1	1
DNAH14	-1	-1	-1	0	1	1	0	0	0	0	0	0
FAM69C	0	0	0	0	0	1	1	1	1	0	0	0
CAMTA1	0	0	0	1	1	1	0	0	1	0	0	0
SVIL	0	1	0	0	0	0	0	0	0	1	1	1
CHPF2	0	1	0	1	1	1	0	0	0	0	0	0
POR	0	0	0	0	0	0	0	0	1	1	1	1
DCC	0	0	0	1	1	1	0	0	0	0	0	1
SLC3A1	0	0	1	0	0	0	0	0	0	-1	-1	-1
C5	0	0	0	0	1	0	0	0	0	1	1	1
CHD9	1	1	1	0	0	0	0	1	0	0	0	0
CCNF	1	1	1	0	0	0	0	0	0	1	0	0
NCOR1	0	0	0	0	0	0	1	1	1	0	0	1
HEATR1	0	0	0	1	1	1	0	0	0	0	1	0
SLC2A8	0	0	0	0	0	1	0	0	0	1	1	1
MTDH	1	1	1	0	0	0	0	1	0	0	0	0
TMEM102	0	0	0	0	0	1	1	1	1	0	0	0
RPAP1	0	0	0	0	0	0	0	0	1	1	1	1
MUC21	0	0	0	1	1	1	0	0	0	0	0	1
KIAA1109	0	0	0	0	0	0	0	1	0	-1_1	-1_1	-1_1
ANKS1A	0	0	0	0	2	2	0	2	2	0	0	0
CPNE7	0	1	0	0	0	0	1	1	1	0	0	0
ADAMTS9	0	0	0	1	1	1	0	0	1	0	0	0
DNAH6	0	0	0	0	0	0	0	1	0	1	1	1
MYH6	0	1	0	0	0	0	0	0	0	1	1	1
RPS3A	1	1	1	0	0	0	0	0	0	0	0	1
PRSS3	0	0	0	1	1	0	0	1	0	0	1	0
ATAD3A	0	0	0	0	0	0	1	0	0	1	1	1
TCHH	0	0	2	0	0	0	1	1	1	0	0	0
ZNF532	0	0	1	0	0	0	0	0	0	1	1	1
RUSC2	1	1	1	0	0	1	0	0	0	0	0	0
PREP	0	0	0	1	1	1	0	0	1	0	0	0
RBM27	1	1	1	0	0	0	0	0	0	0	1	0
TOP1MT	1	1	1	0	0	0	0	0	1	0	0	0
DYSF	0	0	0	0	0	1	0	0	0	1	1	1
ABHD17A	0	0	0	0	-1	-1	0	0	-1	0	0	-1
AUNIP	0	0	0	0	0	0	0	0	1	1	1	1
POLI	0	0	0	0	0	1	0	0	0	1	1	1
ATN1	0	0	0	0	0	1	0	0	0	1	1	1
NDUFA11	0	0	1	0	0	0	1	1	1	0	0	0
ACIN1	0	1	0	0	0	0	0	0	0	1	1	1
EYS	1	1	1	0	0	0	0	0	1	0	0	0
ADAMTS20	0	0	0	1	1	1	0	0	0	0	1	0
SERPINF1	0	0	1	0	0	0	0	0	0	1	1	1
CIT	0	0	0	0	0	1	1	1	1	0	0	0
HSPA6	1	1	1	0	0	0	0	0	0	0	0	0
AGT	0	0	0	0	0	0	2	2	2	0	0	0
SQLE	0	0	0	0	0	0	1	1	1	0	0	0
ZSWIM6	0	0	0	0	0	0	0	0	0	1	1	1
ZC3H15	0	0	0	0	0	0	1	1	1	0	0	0
SCLY	0	0	0	1	1	1	0	0	0	0	0	0
CBLC	1	1	1	0	0	0	0	0	0	0	0	0
OSGEP	0	0	0	0	0	0	-1	-1	-1	0	0	0
NUP98	0	0	0	0	0	0	1	1	1	0	0	0
PPP2R2D	1	1	1	0	0	0	0	0	0	0	0	0
OVCH2	0	0	0	1	1	1	0	0	0	0	0	0
MYRFL	1	1	1	0	0	0	0	0	0	0	0	0
MAK	1	1	1	0	0	0	0	0	0	0	0	0
NSL1	1	1	1	0	0	0	0	0	0	0	0	0
ATP2A3	0	0	0	1	1	1	0	0	0	0	0	0
ALDH3A1	0	0	0	0	0	0	1	1	1	0	0	0
GTF3C1	1	1	1	0	0	0	0	0	0	0	0	0
DENND4A	1	1	1	0	0	0	0	0	0	0	0	0
GTF3C5	0	0	0	0	0	0	0	0	0	1	1	1
APOA4	0	0	0	0	0	0	1	1	1	0	0	0
DGAT2	1	1	1	0	0	0	0	0	0	0	0	0
GMDS	1	1	1	0	0	0	0	0	0	0	0	0
KCNIP4	0	0	0	1	1	1	0	0	0	0	0	0
PRSS57	-1	-1	-1	0	0	0	0	0	0	0	0	0
TPRN	0	0	0	1	1	1	0	0	0	0	0	0
COL4A4	0	0	0	1	1	1	0	0	0	0	0	0
MRAP	0	0	0	1	1	1	0	0	0	0	0	0
EPS15L1	0	0	0	0	0	0	0	0	0	1	1	1
ZEB1	0	0	0	0	0	0	0	0	0	1	1	1
GARS	1	1	1	0	0	0	0	0	0	0	0	0
CHST7	0	0	0	0	0	0	1	1	1	0	0	0
C2ORF42	0	0	0	0	0	0	1	1	1	0	0	0
KCNH4	0	0	0	0	0	0	0	0	0	1	1	1
KCNH7	1	1	1	0	0	0	0	0	0	0	0	0
RPS6KA5	1	1	1	0	0	0	0	0	0	0	0	0
ATAD5	1	1	1	0	0	0	0	0	0	0	0	0
SIGMAR1	1	1	1	0	0	0	0	0	0	0	0	0
ITGAM	0	0	0	0	0	0	0	0	0	1	1	1
UTP20	0	0	0	0	0	0	0	0	0	1	1	1
GALNT8	1	1	1	0	0	0	0	0	0	0	0	0
NUP133	0	0	0	0	0	0	0	0	0	1	1	1
SMAD4	1	1	1	0	0	0	0	0	0	0	0	0
IGF2R	0	0	0	0	0	0	0	0	0	1	1	1
TMPRSS11E	0	0	0	0	0	0	0	0	0	1	1	1
ZC3H13	0	0	0	0	0	0	0	0	0	1	1	1
EIF4B	0	0	0	0	0	0	0	0	0	1	1	1
CMYA5	1	1	1	0	0	0	0	0	0	0	0	0
MYEOV	0	0	0	0	0	0	0	0	0	1	1	1
TCEA3	0	0	0	0	0	0	1	1	1	0	0	0
SRPK1	0	0	0	0	0	0	1	1	1	0	0	0
BDKRB1	0	0	0	1	1	1	0	0	0	0	0	0
LOXHD1	0	0	0	0	0	0	1	1	1	0	0	0
CADPS2	1	1	1	0	0	0	0	0	0	0	0	0
CCDC114	0	0	0	0	0	0	1	1	1	0	0	0
MCF2L	0	0	0	0	0	0	1	1	1	0	0	0
MTCL1	0	0	0	0	0	0	1	1	1	0	0	0
ATP1A2	1	1	1	0	0	0	0	0	0	0	0	0
CRTAP	0	0	0	0	0	0	0	0	0	1	1	1
C2CD3	0	0	0	1	1	1	0	0	0	0	0	0
DPYD	0	0	0	0	0	0	1	1	1	0	0	0
IFT88	0	0	0	0	0	0	0	0	0	1	1	1
ARHGEF18	0	0	0	0	0	0	0	0	0	1	1	1
SLIT3	0	0	0	1	1	1	0	0	0	0	0	0
SLIT2	0	0	0	0	0	0	1	1	1	0	0	0
HOMER3	0	0	0	0	0	0	0	0	0	1	1	1
FAM124A	0	0	0	0	0	0	0	0	0	1	1	1
NOLC1	0	0	0	0	0	0	1	1	1	0	0	0
CA13	0	0	0	0	0	0	0	0	0	1	1	1
CFH	0	0	0	0	0	0	1	1	1	0	0	0
CFI	0	0	0	0	0	0	1	1	1	0	0	0
THAP9	0	0	0	0	0	0	1	1	1	0	0	0
PXDNL	1	1	1	0	0	0	0	0	0	0	0	0
SPG11	1	1	1	0	0	0	0	0	0	0	0	0
AAAS	0	0	0	0	0	0	0	0	0	1	1	1
HDAC5	0	0	0	0	0	0	0	0	0	1	1	1
ASTL	1	1	1	0	0	0	0	0	0	0	0	0
RELT	-1	-1	-1	0	0	0	0	0	0	0	0	0
ZPBP2	0	0	0	0	0	0	1	1	1	0	0	0
MRPL35	0	0	0	0	0	0	0	0	0	1	1	1
DMRTC2	0	0	0	0	0	0	0	0	0	1	1	1
CHFR	0	0	0	0	0	0	0	0	0	1	1	1
RFPL1	1	1	1	0	0	0	0	0	0	0	0	0
ZNF845	0	0	0	0	0	0	0	0	0	1	1	1
ZNF846	0	0	0	1	1	1	0	0	0	0	0	0
RFPL2	0	0	0	1	1	1	0	0	0	0	0	0
HSD3B1	0	0	0	1	1	1	0	0	0	0	0	0
TMEM44	1	1	1	0	0	0	0	0	0	0	0	0
XPNPEP2	0	0	0	0	0	0	0	0	0	1	1	1
TMEM42	0	0	0	0	0	0	1	1	1	0	0	0
PAPLN	1	1	1	0	0	0	0	0	0	0	0	0
KCNG4	1	1	1	0	0	0	0	0	0	0	0	0
MED1	0	0	0	0	0	0	1	1	1	0	0	0
MDGA1	1	1	1	0	0	0	0	0	0	0	0	0
MESP1	1	1	1	0	0	0	0	0	0	0	0	0
CEP95	0	0	0	0	0	0	0	0	0	1	1	1
ZNF607	0	0	0	0	0	0	0	0	0	1	1	1
KIF19	0	0	0	0	0	0	0	0	0	1	1	1
MKRN2OS	0	0	0	0	0	0	0	0	0	1	1	1
VEZF1	0	0	0	0	0	0	0	0	0	1	1	1
TNS1	1	1	1	0	0	0	0	0	0	0	0	0
FAM135B	0	0	0	0	0	0	1	1	1	0	0	0
SPRR4	1	1	1	0	0	0	0	0	0	0	0	0
TK1	1	1	1	0	0	0	0	0	0	0	0	0
EPS8L1	0	0	0	0	0	0	0	0	0	1	1	1
LARS	1	1	1	0	0	0	0	0	0	0	0	0
ABTB1	0	0	0	0	0	0	0	0	0	1	1	1
APLNR	0	0	0	0	0	0	0	0	0	1	1	1
ATP5F1B	0	0	0	1	1	1	0	0	0	0	0	0
CALML4	0	0	0	0	0	0	0	0	0	1	1	1
TRIM3	1	1	1	0	0	0	0	0	0	0	0	0
ARPP21	0	0	0	0	0	0	1	1	1	0	0	0
TRIM7	2	2	2	0	0	0	0	0	0	0	0	0
ZNF337	0	0	0	1	1	1	0	0	0	0	0	0
ZNF333	0	0	0	0	0	0	1	1	1	0	0	0
TMC3	0	0	0	1	1	1	0	0	0	0	0	0
AMPD2	0	0	0	0	0	0	1	1	1	0	0	0
CD300LG	1	1	1	0	0	0	0	0	0	0	0	0
IFT140	0	0	0	0	0	0	0	0	0	1	1	1
ECD	0	0	0	0	0	0	0	0	0	1	1	1
ALCAM	0	0	0	0	0	0	0	0	0	1	1	1
RPS6KB1	0	0	0	0	0	0	1	1	1	0	0	0
TPBGL	0	0	0	0	0	0	1	1	1	0	0	0
MYT1L	0	0	0	0	0	0	1	1	1	0	0	0
PRELP	0	0	0	0	0	0	1	1	1	0	0	0
PHACTR4	0	0	0	1	1	1	0	0	0	0	0	0
PHACTR3	0	0	0	1	1	1	0	0	0	0	0	0
NLGN1	0	0	0	0	0	0	0	0	0	1	1	1
TET1	1	1	1	0	0	0	0	0	0	0	0	0
TET2	0	0	0	1	1	1	0	0	0	0	0	0
CELSR2	0	0	0	1	1	1	0	0	0	0	0	0
CELSR1	0	0	0	0	0	0	1	1	1	0	0	0
FOXL2	0	0	0	1	1	1	0	0	0	0	0	0
LRRC30	1	1	1	0	0	0	0	0	0	0	0	0
LRRC34	0	0	0	0	0	0	0	0	0	1	1	1
OR7A5	0	0	0	0	0	0	0	0	0	1	1	1
SH3PXD2B	0	0	0	1	1	1	0	0	0	0	0	0
ZMAT1	1	1	1	0	0	0	0	0	0	0	0	0
CCDC168	0	0	0	1	1	1	0	0	0	0	0	0
TIPIN	0	0	0	1	1	1	0	0	0	0	0	0
RUFY2	0	0	0	0	0	0	0	0	0	1	1	1
CPLX1	0	0	0	1	1	1	0	0	0	0	0	0
GCGR	0	0	0	1	1	1	0	0	0	0	0	0
VASP	0	0	0	0	0	0	0	0	0	1	1	1
SLC16A8	0	0	0	2	2	2	0	0	0	0	0	0
NSUN6	0	0	0	0	0	0	1	1	1	0	0	0
ARHGAP33	0	0	0	0	0	0	0	0	0	1	1	1
KHDC4	1	1	1	0	0	0	0	0	0	0	0	0
MAP3K2	0	0	0	1	1	1	0	0	0	0	0	0
PAM	0	0	0	0	0	0	0	0	0	1	1	1
CACNA1H	0	0	0	0	0	0	0	0	0	1	1	1
THRA	0	0	0	0	0	0	1	1	1	0	0	0
DLGAP5	0	0	0	1	1	1	0	0	0	0	0	0
TUT7	0	0	0	0	0	0	0	0	0	1	1	1
TRIM28	0	0	0	0	0	0	0	0	0	1	1	1
HMGCL	0	0	0	0	0	0	1	1	1	0	0	0
TRIM25	0	0	0	1	1	1	0	0	0	0	0	0
CLCN7	0	0	0	0	0	0	1	1	1	0	0	0
TRIM21	0	0	0	0	0	0	0	0	0	1	1	1
PNKD	0	0	0	1	1	1	0	0	0	0	0	0
SLC15A5	0	0	0	0	0	0	0	0	0	1	1	1
RBM44	0	0	0	1	1	1	0	0	0	0	0	0
TTC17	0	0	0	0	0	0	1	1	1	0	0	0
NSMAF	0	0	0	0	0	0	0	0	0	1	1	1
CD3D	0	0	0	0	0	0	1	1	1	0	0	0
CDAN1	0	0	0	1	1	1	0	0	0	0	0	0
SEH1L	1	1	1	0	0	0	0	0	0	0	0	0
GAB2	1	1	1	0	0	0	0	0	0	0	0	0
TMEM127	0	0	0	0	0	0	1	1	1	0	0	0
GAB1	1	1	1	0	0	0	0	0	0	0	0	0
HABP4	0	0	0	1	1	1	0	0	0	0	0	0
ZNF224	1	1	1	0	0	0	0	0	0	0	0	0
SEC16B	0	0	0	0	0	0	2	2	2	0	0	0
TDRD15	1	1	1	0	0	0	0	0	0	0	0	0
PPM1J	0	0	0	0	0	0	0	0	0	1	1	1
RAPH1	0	0	0	1	1	1	0	0	0	0	0	0
MADCAM1	0	0	0	0	0	0	0	2	2	0	0	1
ANXA10	0	0	0	0	0	0	1	1	1	0	0	0
VILL	0	0	0	0	0	0	0	0	0	1	1	1
MRPL4	0	0	0	1	1	1	0	0	0	0	0	0
PTH2	1	1	1	0	0	0	0	0	0	0	0	0
NANOS1	0	0	0	-1	-1	-1	0	0	0	0	0	0
ZNF618	0	0	0	0	0	0	1	1	1	0	0	0
UEVLD	0	0	0	1	1	1	0	0	0	0	0	0
MS4A18	0	0	0	1	1	1	0	0	0	0	0	0
AGBL5	0	0	0	1	1	1	0	0	0	0	0	0
OR1L8	1	1	1	0	0	0	0	0	0	0	0	0
ADAMTS13	0	0	0	0	0	0	1	1	1	0	0	0
PLCE1	0	0	0	0	0	0	0	0	0	1	1	1
LRRC37A3	0	0	0	0	0	0	1	1	1	0	0	0
CHMP6	0	0	0	0	0	0	0	0	0	1	1	1
SKOR1	0	0	0	0	0	0	0	0	0	1	1	1
OR52N2	0	0	0	0	0	0	0	0	0	1	1	1
OR52N1	0	0	0	0	0	0	0	0	0	1	1	1
DHX57	1	1	1	0	0	0	0	0	0	0	0	0
SULT6B1	1	1	1	0	0	0	0	0	0	0	0	0
DSG2	0	0	0	0	0	0	1	1	1	0	0	0
C2	0	0	0	0	0	0	0	0	0	1	1	1
SLC6A11	0	0	0	0	0	0	0	0	0	1	1	1
DSG1	0	0	0	1	1	1	0	0	0	0	0	0
C7	0	0	0	1	1	1	0	0	0	0	0	0
TSSK6	1	1	1	0	0	0	0	0	0	0	0	0
ZNF324	0	0	0	0	0	0	0	0	0	1	1	1
COL4A3BP	0	0	0	0	0	0	1	1	1	0	0	0
TTYH2	1	1	1	0	0	0	0	0	0	0	0	0
SRM	0	0	0	1	1	1	0	0	0	0	0	0
CP	1	1	1	0	0	0	0	0	0	0	0	0
NMS	0	0	0	0	0	0	1	1	1	0	0	0
TENM2	0	0	0	0	0	0	0	0	0	1	1	1
PISD	0	0	0	1	1	1	0	0	0	0	0	0
ADRB2	0	0	0	1	1	1	0	0	0	0	0	0
AVPI1	1	1	1	0	0	0	0	0	0	0	0	0
OR2J1	0	0	0	0	0	0	0	0	0	1	1	1
IDO1	0	0	0	0	0	0	0	0	0	1	1	1
MCM3AP	0	0	0	0	0	0	1	1	1	0	0	0
MMP14	0	0	0	0	0	0	1	1	1	0	0	0
SMCR8	0	0	0	0	0	0	1	1	1	0	0	0
PEX10	0	0	0	0	0	0	0	0	0	-1	-1	-1
LOX	0	0	0	0	0	0	1	1	1	0	0	0
AP3B1	0	0	0	0	0	0	1	1	1	0	0	0
CATSPER1	1	1	1	0	0	0	0	0	0	0	0	0
CATSPER3	0	0	0	0	0	0	1	1	1	0	0	0
ANKRD30A	0	0	0	1	1	1	0	0	0	0	0	0
RGS3	0	0	0	1	1	1	0	0	0	0	0	0
PIGC	0	0	0	0	0	0	0	0	0	1	1	1
CALHM1	0	0	0	0	0	0	1	1	1	0	0	0
PIGT	0	0	0	0	0	0	1	1	1	0	0	0
TAX1BP1	0	0	0	0	0	0	1	1	1	0	0	0
ALPP	1	1	1	0	0	0	0	0	0	0	0	0
SRRM1	0	0	0	1	1	1	0	0	0	0	0	0
BBIP1	0	0	0	0	0	0	0	0	0	1	1	1
CCDC173	0	0	0	1	1	1	0	0	0	0	0	0
C2ORF80	0	0	0	0	0	0	1	1	1	0	0	0
RSPH6A	0	0	0	0	0	0	0	0	0	1	1	1
SLC18B1	0	0	0	0	0	0	0	0	0	1	1	1
FAM71C	0	0	0	0	0	0	0	0	0	-1	-1	-1
KIAA0141	0	0	0	0	0	0	1	1	1	0	0	0
FAM71A	0	0	0	0	0	0	0	0	0	1	1	1
PLIN4	0	0	0	0	0	0	1	1	1	0	0	0
CEP128	0	0	0	0	0	0	0	0	0	1	1	1
NTRK2	0	0	0	0	0	0	0	0	0	1	1	1
NTRK3	1	1	1	0	0	0	0	0	0	0	0	0
CYP2A13	0	0	0	0	0	0	0	0	0	1	1	1
IFI35	0	0	0	0	0	0	0	0	0	1	1	1
RBP3	0	0	0	0	0	0	1	1	1	0	0	0
C3ORF36	0	0	0	-1	-1	-1	0	0	0	0	0	0
OR51A2	1	1	1	0	0	0	0	0	0	0	0	0
C3ORF38	0	0	0	0	0	0	0	0	0	1	1	1
HSDL1	0	0	0	1	1	1	0	0	0	0	0	0
ADAM2	0	0	0	0	0	0	0	0	0	1	1	1
EIF4G1	0	0	0	0	0	0	1	1	1	0	0	0
KIF14	0	0	0	0	0	0	0	0	0	1	1	1
CFAP100	0	0	0	0	0	0	1	1	1	0	0	0
ENAM	0	0	0	0	0	0	0	0	0	1	1	1
PSG5	0	0	0	0	0	0	0	0	0	1	1	1
UQCC3	0	0	0	1	1	1	0	0	0	0	0	0
PSG1	0	0	0	1	1	1	0	0	0	0	0	0
PRKCI	0	0	0	0	0	0	0	0	0	1	1	1
TRIM37	0	0	0	0	0	0	0	0	0	1	1	1
TRIM36	0	0	0	0	0	0	0	0	0	1	1	1
THAP10	1	1	1	0	0	0	0	0	0	0	0	0
CHD2	0	0	0	1	1	1	0	0	0	0	0	0
CHD7	0	0	0	0	0	0	0	0	0	1	1	1
ABHD12	0	0	0	0	0	0	1	1	1	0	0	0
CRMP1	0	0	0	0	0	0	0	0	0	1	1	1
CCDC186	0	0	0	0	0	0	0	0	0	1	1	1
MEGF8	0	0	0	1	1	1	0	0	0	0	0	0
PIKFYVE	1	1	1	0	0	0	0	0	0	0	0	0
MN1	1	1	1	0	0	0	0	0	0	0	0	0
OR52A5	0	0	0	0	0	0	0	0	0	2	2	2
RNF40	1	1	1	0	0	0	0	0	0	0	0	0
ANKRD27	0	0	0	0	0	0	0	0	0	1	1	1
POLR2D	0	0	0	0	0	0	0	0	0	1	1	1
DAG1	0	0	0	0	0	0	1	1	1	0	0	0
DYNC1LI2	0	0	0	0	0	0	1	1	1	0	0	0
RHOB	0	0	0	1	1	1	0	0	0	0	0	0
LRIG2	0	0	0	0	0	0	1	1	1	0	0	0
LRIG1	0	0	0	0	0	0	0	0	0	1	1	1
FAM47A	0	0	0	0	0	0	0	0	0	1	1	1
MPI	0	0	0	0	0	0	1	1	1	0	0	0
BATF2	0	0	0	1	1	1	0	0	0	0	0	0
UQCRC1	0	0	0	0	0	0	0	0	0	2	2	2
HTR5A	0	0	0	0	0	0	0	0	0	2	2	2
OR1S2	0	0	0	0	0	0	0	0	0	1	1	1
MAPK11	0	0	0	0	0	0	0	0	0	1	1	1
SHKBP1	0	0	0	1	1	1	0	0	0	0	0	0
FZD4	0	0	0	0	0	0	1	1	1	0	0	0
AKR1B15	0	0	0	0	0	0	0	0	0	1	1	1
IQUB	0	0	0	1	1	1	0	0	0	0	0	0
ZNF620	0	0	0	1	1	1	0	0	0	0	0	0
ZNF622	0	0	0	1	1	1	0	0	0	0	0	0
C10ORF88	0	0	0	1	1	1	0	0	0	0	0	0
NBN	1	1	1	0	0	0	0	0	0	0	0	0
NFKB1	0	0	0	0	1	0	0	1	1	0	0	0
ZFP36L2	0	0	0	0	0	0	0	0	0	1	1	1
MLXIP	0	0	0	0	0	0	0	0	0	1	1	1
PLCD3	0	0	0	0	0	0	0	0	0	1	1	1
OR8B4	0	0	0	0	0	0	1	1	1	0	0	0
PLCD1	0	0	0	0	0	0	0	0	0	1	1	1
PHLPP1	0	0	0	0	0	0	0	0	0	1	1	1
HIST1H1B	0	0	0	1	1	1	0	0	0	0	0	0
ZNF488	0	0	0	0	0	0	0	0	0	1	1	1
FHOD1	0	0	0	0	0	0	0	0	0	1	1	1
EMILIN2	0	0	0	0	0	0	1	1	1	0	0	0
EMILIN1	0	0	0	1	1	1	0	0	0	0	0	0
ZNF317	0	0	0	0	0	0	0	0	0	1	1	1
ZNF318	0	0	0	0	0	0	0	0	0	1	1	1
C6ORF223	0	0	0	0	0	0	0	0	0	2	2	2
ZNF556	0	0	0	1	1	1	0	0	0	0	0	0
ZNF551	1	1	1	0	0	0	0	0	0	0	0	0
ACOT11	1	1	1	0	0	0	0	0	0	0	0	0
RMDN2	0	0	0	1	1	1	0	0	0	0	0	0
ISYNA1	0	0	0	1	1	1	0	0	0	0	0	0
KIAA0556	0	0	0	0	0	0	1	1	1	0	0	0
TMPRSS2	1	1	1	0	0	0	0	0	0	0	0	0
HOOK1	1	1	1	0	0	0	0	0	0	0	0	0
TMPRSS6	0	0	0	1	1	1	0	0	0	0	0	0
TMPRSS7	0	0	0	0	0	0	0	0	0	1	1	1
ABCC12	0	0	0	0	0	0	-1	-1	-1	0	0	0
ABCC10	1	1	1	0	0	0	0	0	0	0	0	0
ABCC11	1	1	1	0	0	0	0	0	0	0	0	0
PCDH9	0	0	0	0	0	0	1	1	1	0	0	0
RPL38	0	0	0	0	0	0	0	0	0	1	1	1
TARBP1	0	0	0	2	2	2	0	0	0	0	0	0
SDHA	0	0	0	1	1	1	0	0	0	0	0	0
TOMM40	0	0	0	0	0	0	1	1	1	0	0	0
ANKIB1	0	0	0	0	0	0	1	1	1	0	0	0
SMG7	0	0	0	0	0	0	1	1	1	0	0	0
SMG6	0	0	0	1	1	1	0	0	0	0	0	0
DLG5	0	0	0	0	0	0	0	0	0	1	1	1
LHX9	1	1	1	0	0	0	0	0	0	0	0	0
PTGER3	1	1	1	0	0	0	0	0	0	0	0	0
TOR3A	0	0	0	0	0	0	0	0	0	1	1	1
SLC38A6	1	1	1	0	0	0	0	0	0	0	0	0
SMIM11A	0	0	0	1	1	1	0	0	0	0	0	0
TAS2R10	0	0	0	1	1	1	0	0	0	0	0	0
SLC45A2	0	0	0	0	0	0	0	0	0	1	1	1
CSF3R	1	1	1	0	0	0	0	0	0	0	0	0
DBNL	0	0	0	0	0	0	0	0	0	1	1	1
TRMT9B	0	0	0	0	0	0	0	0	0	1	1	1
OR13C9	0	0	0	0	0	0	1	1	1	0	0	0
ZSCAN18	1	1	1	0	0	0	0	0	0	0	0	0
CYP26A1	0	0	0	1	1	1	0	0	0	0	0	0
ZSCAN10	0	0	0	0	0	0	0	0	0	1	1	1
YBX3	0	0	0	1	1	1	0	0	0	0	0	0
OR5A1	0	0	0	1	1	1	0	0	0	0	0	0
POLR1B	0	0	0	0	0	0	1	1	1	0	0	0
DCHS2	1	1	1	0	0	0	0	0	0	0	0	0
PTGDS	0	0	0	0	0	0	1	1	1	0	0	0
TMEM132A	0	0	0	1	1	1	0	0	0	0	0	0
TMEM132C	0	0	0	1	1	1	0	0	0	0	0	0
H3F3C	0	0	0	0	0	0	0	0	0	1	1	1
VSX2	0	0	0	0	0	0	0	0	0	1	1	1
CCL26	0	0	0	0	0	0	1	1	1	0	0	0
GLMN	0	0	0	0	0	0	0	0	0	1	1	1
CAMSAP3	0	0	0	1	1	1	0	0	0	0	0	0
CYP4F12	0	0	0	0	0	0	1	1	1	0	0	0
TTC37	0	0	0	1	1	1	0	0	0	0	0	0
RRP12	0	0	0	0	0	0	1	1	1	0	0	0
TTC38	0	0	0	1	1	1	0	0	0	0	0	0
RRP15	0	0	0	1	1	1	0	0	0	0	0	0
OR4K1	0	0	0	0	0	0	0	0	0	1	1	1
AKAP9	0	0	0	0	0	0	0	0	0	1	1	1
ZNF831	1	1	1	0	0	0	0	0	0	0	0	0
MKRN3	0	0	0	0	0	0	0	0	0	1	1	1
ANKRD33	1	1	1	0	0	0	0	0	0	0	0	0
FAM160B2	0	0	0	0	0	0	0	0	0	1	1	1
NCOA2	0	0	0	1	1	1	0	0	0	0	0	0
ITPRIP	1	1	1	0	0	0	0	0	0	0	0	0
PTX4	0	0	0	0	0	0	1	1	1	0	0	0
BSN	0	0	0	0	0	0	1	1	1	0	0	0
RIMS4	0	0	0	0	0	0	0	0	0	1	1	1
MECR	0	0	0	1	1	1	0	0	0	0	0	0
LIMD1	0	0	0	0	0	0	0	0	0	1	1	1
RIMS2	0	0	0	1	1	1	0	0	0	0	0	0
RIF1	0	0	0	0	0	0	0	0	0	1	1	1
ZNF569	0	0	0	0	0	0	0	0	0	1	1	1
ZNF84	0	0	0	0	0	0	0	0	0	1	1	1
MCAT	0	0	0	0	0	0	1	1	1	0	0	0
C14ORF178	0	0	0	1	1	1	0	0	0	0	0	0
HCRT	0	0	0	0	0	0	0	0	0	1	1	1
TMEM62	0	0	0	1	1	1	0	0	0	0	0	0
TPCN1	0	0	0	0	0	0	0	0	0	1	1	1
TPCN2	1	1	1	0	0	0	0	0	0	0	0	0
PRRC1	0	0	0	1	1	1	0	0	0	0	0	0
TBCC	0	0	0	0	0	0	0	0	0	1	1	1
GEMIN5	1	1	1	0	0	0	0	0	0	0	0	0
CDK5RAP3	0	0	0	1	1	1	0	0	0	0	0	0
KIAA0319L	0	0	0	0	0	0	0	0	0	1	1	1
SH2D3C	0	0	0	1	1	1	0	0	0	0	0	0
LARS2	0	0	0	0	0	0	0	0	0	1	1	1
COBLL1	-1	-1_1	-1_1	0	0	0	0	0	0	0	0	0
CDK18	1	1	1	0	0	0	0	0	0	0	0	0
ZNF121	0	0	0	0	0	0	1	1	1	0	0	0
GJB3	0	0	0	0	0	0	1	1	1	0	0	0
DDX18	1	1	1	0	0	0	0	0	0	0	0	0
GRIN3A	0	0	0	1	1	1	0	0	0	0	0	0
N4BP2	0	0	0	1	1	1	0	0	0	0	0	0
HEATR4	0	0	0	0	0	0	0	0	0	1	1	1
FBN3	0	0	0	1	1	1	0	0	0	0	0	0
KIF18B	0	0	0	0	0	0	1	1	1	0	0	0
GANC	0	0	0	1	1	1	0	0	0	0	0	0
PHF21A	0	0	0	1	1	1	0	0	0	0	0	0
ZNF546	0	0	0	0	0	0	0	0	0	1	1	1
RBM28	0	0	0	0	0	0	0	0	0	1	1	1
MAP3K19	1	1	1	0	0	0	0	0	0	0	0	0
PEAR1	0	0	0	0	0	0	0	0	0	1	1	1
OSBPL1A	0	0	0	0	0	0	0	0	0	1	1	1
LRRC45	0	0	0	0	0	0	1	1	1	0	0	0
UBXN11	0	0	0	0	0	0	0	0	0	1	1	1
ARMC10	0	0	0	1	1	1	0	0	0	0	0	0
MTMR4	1	1	1	0	0	0	0	0	0	0	0	0
NOL10	0	0	0	0	0	0	0	0	0	1	1	1
JAKMIP2	0	0	0	1	1	1	0	0	0	0	0	0
CDKN2A	2	2	2	0	0	0	0	0	0	0	0	0
BORCS6	0	0	0	-1	-1	-1	0	0	0	0	0	0
IZUMO1R	0	0	0	0	0	0	2	2	2	0	0	0
CCDC150	0	0	0	0	0	0	1	1	1	0	0	0
PHGDH	0	0	0	0	0	0	0	0	0	1	1	1
OSBPL10	1	1	1	0	0	0	0	0	0	0	0	0
SLC2A1	0	0	0	0	0	0	1	1	1	0	0	0
TAS1R3	0	0	0	1	1	1	0	0	0	0	0	0
CD2BP2	0	0	0	0	0	0	1	1	1	0	0	0
CAVIN1	0	0	0	0	0	0	0	0	0	1	1	1
NFATC3	0	0	0	0	0	0	1	1	1	0	0	0
FAM189A1	0	0	0	1	1	1	0	0	0	0	0	0
ADAMTSL1	0	0	0	0	0	0	0	0	0	1	1	1
ADAMTSL5	0	0	0	0	0	0	1	1	1	0	0	0
CYB561	0	0	0	0	0	0	0	0	0	1	1	1
EXO1	0	0	0	0	0	0	0	0	0	1	1	1
TULP4	0	0	0	1	1	1	0	0	0	0	0	0
DISC1	0	0	0	0	0	0	0	0	0	1	1	1
FARP1	0	0	0	0	0	0	0	0	0	1	1	1
EPAS1	0	0	0	0	0	0	0	0	0	1	1	1
SOSTDC1	0	0	0	0	0	0	0	0	0	1	1	1
FZD7	1	1	1	0	0	0	0	0	0	0	0	0
TBC1D30	-1	-1	0	0	0	0	0	0	0	0	0	1
TBC1D32	0	0	0	0	0	0	1	1	1	0	0	0
VPS53	0	0	0	0	0	0	0	0	0	1	1	1
KRT77	1	1	1	0	0	0	0	0	0	0	0	0
SCYL2	0	0	0	1	1	1	0	0	0	0	0	0
STXBP2	0	0	0	1	1	1	0	0	0	0	0	0
BRIP1	0	0	0	0	0	0	1	1	1	0	0	0
FLT4	0	0	0	1	1	1	0	0	0	0	0	0
FLT1	0	0	0	0	0	0	1	1	1	0	0	0
DNAJB2	0	0	0	0	0	0	0	0	0	1	1	1
NOC2L	0	0	0	0	0	0	0	0	0	1	1	1
FANCA	0	0	0	0	0	0	0	0	0	1	1	1
ODF3L2	0	0	0	0	0	0	0	0	0	1	1	1
DOT1L	0	0	0	0	0	0	1	1	1	0	0	0
ARSE	0	0	0	0	0	0	0	0	0	1	1	1
MRPS18B	0	0	0	1	1	1	0	0	0	0	0	0
ELMOD1	0	0	0	1	1	1	0	0	0	0	0	0
ENO1	0	0	0	0	0	0	0	0	0	1	1	1
FRY	0	0	0	0	0	0	0	0	0	1	1	1
SYCP2	0	0	0	0	0	0	0	0	0	1	1	1
SLC22A18	0	0	0	0	0	0	0	0	0	1	1	1
LLGL1	0	0	0	1	1	1	0	0	0	0	0	0
ACOX2	0	0	0	1	1	1	0	0	0	0	0	0
GRIK5	0	0	0	0	0	0	0	0	0	1	1	1
TRAPPC6A	0	0	0	1	1	1	0	0	0	0	0	0
EXOC3L2	0	0	0	0	0	0	0	0	0	1	1	1
PTK2	1	1	1	0	0	0	0	0	0	0	0	0
SYNRG	0	0	0	0	0	0	1	1	1	0	0	0
CSTL1	1	1	1	0	0	0	0	0	0	0	0	0
SUN1	1	1	1	0	0	0	0	0	0	0	0	0
ADCK1	1	1	1	0	0	0	0	0	0	0	0	0
GPR155	0	0	0	0	0	0	0	0	0	1	1	1
DNAJC15	0	0	0	0	0	0	1	1	1	0	0	0
ARHGDIB	1	1	1	0	0	0	0	0	0	0	0	0
DNAJC10	0	0	0	0	0	0	1	1	1	0	0	0
DNAJC11	1	1	1	0	0	0	0	0	0	0	0	0
MATN2	0	0	0	0	0	0	0	0	0	1	1	1
TANC1	1	1	1	0	0	0	0	0	0	0	0	0
HIST1H3A	0	0	0	1	1	1	0	0	0	0	0	0
KBTBD13	0	0	0	1	1	1	0	0	0	0	0	0
SLC6A13	0	0	0	0	0	0	0	0	0	1	1	1
CYSRT1	0	0	0	1	1	1	0	0	0	0	0	0
GJA10	0	0	0	0	0	0	0	0	0	1	1	1
PM20D1	0	0	0	0	0	0	0	0	0	1	1	1
ENDOV	1	1	1	0	0	0	0	0	0	0	0	0
CHPF	1	1	1	0	0	0	0	0	0	0	0	0
ZNF154	0	0	0	0	0	0	0	0	0	2	2	2
GPIHBP1	0	0	0	0	0	0	0	0	0	1	1	1
PFKFB2	0	0	0	0	0	0	0	0	0	1	1	1
ZNF91	0	0	0	0	0	0	0	0	0	1	1	1
ZNF93	1	1	1	0	0	0	0	0	0	0	0	0
ZNF799	0	0	0	1	1	1	0	0	0	0	0	0
MFRP	0	0	0	1	1	1	0	0	0	0	0	0
PRB2	0	0	0	0	0	0	0	0	0	1	1	1
SPIDR	0	0	0	1	1	1	0	0	0	0	0	0
PARD6G	0	0	0	1	1	1	0	0	0	0	0	0
MARCKS	1	1	1	0	0	0	0	0	0	0	0	0
NUP214	0	0	0	0	0	0	0	0	0	1	1	1
MAP3K21	1	1	1	0	0	0	0	0	0	0	0	0
MAP3K20	1	1	1	0	0	0	0	0	0	0	0	0
ERBB3	0	0	0	0	0	0	0	0	0	1	1	1
ARMH3	0	0	0	0	0	0	0	0	0	1	1	1
SH3GLB2	1	1	1	0	0	0	0	0	0	0	0	0
SETD2	0	0	0	0	0	0	0	0	0	1	1	1
LRRC71	0	0	0	0	0	0	0	0	0	1	1	1
XAF1	0	0	0	0	0	0	1	1	1	0	0	0
PCYT1B	0	0	0	0	0	0	1	1	1	0	0	0
INPP5K	0	0	0	0	0	0	0	0	0	1	1	1
RAI14	0	0	0	0	0	0	0	0	0	1	1	1
FREM3	0	0	0	0	0	0	1	1	1	0	0	0
DUOX2	0	0	0	1	1	1	0	0	0	0	0	0
HELB	1	1	1	0	0	0	0	0	0	0	0	0
STIL	1	1	1	0	0	0	0	0	0	0	0	0
MET	0	0	0	0	0	0	0	0	0	1	1	1
AHNAK	0	0	0	0	0	0	1	1	1	0	0	0
PNPLA5	0	0	0	1	1	1	0	0	0	0	0	0
LCN6	0	0	0	1	1	1	0	0	0	0	0	0
PDCL3	0	0	0	0	0	0	1	1	1	0	0	0
FOS	0	0	0	1	1	1	0	0	0	0	0	0
GCKR	1	1	1	0	0	0	0	0	0	0	0	0
PHKA2	0	0	0	1	1	1	0	0	0	0	0	0
SFPQ	0	0	0	0	0	0	0	0	0	1	1	1
ABCA13	0	0	0	0	0	0	1	1	1	0	0	0
CDHR3	0	0	0	0	0	0	0	0	0	-1	-1	-1
CDHR5	0	0	0	0	0	0	0	0	0	1	1	1
SHQ1	0	0	0	0	0	0	0	0	0	1	1	1
FGGY	0	0	0	0	0	0	1	1	1	0	0	0
SEC14L5	1	1	1	0	0	0	0	0	0	0	0	0
BTBD18	1	1	1	0	0	0	0	0	0	0	0	0
KRT4	0	0	0	0	0	0	0	0	0	1	1	1
KRT9	1	1	1	0	0	0	0	0	0	0	0	0
PHTF2	0	0	0	1	1	1	0	0	0	0	0	0
THSD7A	0	0	0	0	0	0	0	0	0	1	1	1
MTERF2	0	0	0	0	0	0	0	0	0	1	1	1
SPG7	0	0	0	0	0	0	0	0	0	1	1	1
PDE3A	0	0	0	0	0	0	1	1	1	0	0	0
RABEP1	0	0	0	0	0	0	0	0	0	1	1	1
ACSS1	0	0	0	0	0	0	1	1	1	0	0	0
PLEKHM2	0	0	0	0	0	0	0	0	0	1	1	1
MAST3	0	0	0	1	1	1	0	0	0	0	0	0
GPR63	0	0	0	0	0	0	0	0	0	1	1	1
QARS	1	1	1	0	0	0	0	0	0	0	0	0
ADAM28	0	0	0	1	1	1	0	0	0	0	0	0
CYP1A1	0	0	0	0	0	0	0	0	0	1	1	1
CYP1A2	1	1	1	0	0	0	0	0	0	0	0	0
NBR1	0	0	0	0	0	0	0	0	0	1	1	1
ZMIZ2	0	0	0	0	0	0	0	0	0	1	1	1
DCAF15	0	0	0	0	0	0	0	0	0	1	1	1
BIRC6	0	0	0	0	0	0	1	1	1	0	0	0
TTF2	0	0	0	0	0	0	0	0	0	1	1	1
GNE	0	0	0	0	0	0	1	1	1	0	0	0
ANKRD11	0	0	0	0	0	0	0	0	0	1	1	1
ZC3H12C	0	0	0	1	1	1	0	0	0	0	0	0
TFAP2C	0	0	0	1	1	1	0	0	0	0	0	0
GDF6	0	0	0	0	0	0	0	0	0	1	1	1
OR5H14	0	0	0	0	0	0	0	0	0	1	1	1
STK33	0	0	0	0	0	0	0	0	0	1	1	1
DPP3	0	0	0	1	1	1	0	0	0	0	0	0
PI16	0	0	0	0	0	0	0	0	0	1	1	1
DPP7	0	0	0	1	1	1	0	0	0	0	0	0
SLC44A1	0	0	0	1	1	1	0	0	0	0	0	0
ANXA3	0	0	0	0	0	0	0	0	0	1	1	1
CEP68	0	0	0	1	1	1	0	0	0	0	0	0
SLC44A5	0	0	0	0	0	0	1	1	1	0	0	0
COQ10B	0	0	0	0	0	0	1	1	1	0	0	0
COQ10A	0	0	0	0	0	0	1	1	1	0	0	0
DUSP13	0	0	0	0	0	0	0	0	0	1	1	1
ESX1	0	0	0	1	1	1	0	0	0	0	0	0
NDUFS3	0	0	0	0	0	0	0	0	0	1	1	1
PRUNE2	0	0	0	0	0	0	1	1	1	0	0	0
SEC24A	0	0	0	0	0	0	1	1	1	0	0	0
ZRANB3	0	0	0	1	1	1	0	0	0	0	0	0
PKMYT1	0	0	0	0	0	0	0	0	0	1	1	1
PNLIP	0	0	0	1	1	1	0	0	0	0	0	0
ATP9B	0	0	0	0	0	0	0	0	0	1	1	1
PCDHGB4	0	0	0	0	0	0	0	0	0	1	1	1
RREB1	0	0	0	1	1	1	0	0	0	0	0	0
ZNF141	0	0	0	0	0	0	0	0	0	1	1	1
ZNF143	1	1	1	0	0	0	0	0	0	0	0	0
DENND2D	1	1	1	0	0	0	0	0	0	0	0	0
CPT2	1	1	1	0	0	0	0	0	0	0	0	0
MICAL2	0	0	0	0	0	0	1	1	1	0	0	0
MICAL3	0	0	0	1	1	1	0	0	0	0	0	0
MPEG1	0	0	0	1	1	1	0	0	0	0	0	0
VWA8	0	0	0	0	0	0	0	0	0	1	1	1
RNASE6	1	1	1	0	0	0	0	0	0	0	0	0
TMF1	0	0	0	0	0	0	0	0	0	1	1	1
LY9	1	1	1	0	0	0	0	0	0	0	0	0
FCGBP	0	0	0	1	1	1	0	0	0	0	0	0
C9ORF72	0	0	0	0	0	0	1	1	1	0	0	0
PMS2	0	0	0	1	1	1	0	0	0	0	0	0
BRINP3	0	0	0	0	0	0	1	1	1	0	0	0
CCDC80	0	0	0	0	0	0	0	0	0	1	1	1
CCDC87	0	0	0	0	0	0	0	0	0	1	1	1
TLR1	1	1	1	0	0	0	0	0	0	0	0	0
DDX1	0	0	0	1	1	1	0	0	0	0	0	0
TLR5	1	1	1	0	0	0	0	0	0	0	0	0
OR5AS1	1	1	1	0	0	0	0	0	0	0	0	0
CCDC60	0	0	0	0	0	0	0	0	0	1	1	1
CCDC63	0	0	0	0	0	0	0	0	0	1	1	1
HLA-C	1	1	1	0	0	0	0	0	0	0	0	0
TYSND1	2	2	2	0	0	0	0	0	0	0	0	0
FMN1	0	0	0	0	0	0	1	1	1	0	0	0
PPP1R26	0	0	0	0	0	0	1	1	1	0	0	0
EP400	0	0	0	0	0	0	0	0	0	1	1	1
LRRC66	0	0	0	1	1	1	0	0	0	0	0	0
MMS19	0	0	0	0	0	0	1	1	1	0	0	0
NMD3	0	0	0	0	0	0	1	1	1	0	0	0
KANSL1L	0	0	0	0	0	0	0	0	0	1	1	1
STYXL1	1	1	1	0	0	0	0	0	0	0	0	0
AMER3	1	1	1	0	0	0	0	0	0	0	0	0
HAUS2	0	0	0	0	0	0	1	1	1	0	0	0
ANKRD18B	0	0	0	0	0	0	1	1	1	0	0	0
MPDZ	0	0	0	0	0	0	0	0	0	1	1	1
TOP2A	0	0	0	1	1	1	0	0	0	0	0	0
TMPRSS3	1	1	1	0	0	0	0	0	0	0	0	0
TFEB	0	0	0	1	1	1	0	0	0	0	0	0
ABRAXAS2	0	0	0	0	0	0	1	1	1	0	0	0
ZCCHC24	1	1	1	0	0	0	0	0	0	0	0	0
ABCB11	0	0	0	0	0	0	1	1	1	0	0	0
SLC26A4	0	0	0	0	0	0	1	1	1	0	0	0
HIST1H2BA	0	0	0	0	0	0	0	0	0	1	1	1
SART3	0	0	0	0	0	0	1	1	1	0	0	0
SART1	0	0	0	1	1	1	0	0	0	0	0	0
OLFML2A	0	0	0	0	0	0	1	1	1	0	0	0
VAV2	2	2	2	0	0	0	0	0	0	0	0	0
NUP155	0	0	0	0	0	0	1	1	1	0	0	0
IPO9	0	0	0	0	0	0	0	0	0	1	1	1
NRBP2	0	0	0	0	0	0	0	0	0	1	1	1
BEST4	1	1	1	0	0	0	0	0	0	0	0	0
TNC	0	0	0	0	0	0	0	0	0	1	1	1
SORCS2	0	0	0	0	0	0	1	1	1	0	0	0
DEFB1	0	0	0	0	0	0	1	1	1	0	0	0
CWF19L2	1	1	1	0	0	0	0	0	0	0	0	0
GBX2	0	0	0	0	0	0	1	1	1	0	0	0
MAPK7	0	0	0	0	0	0	0	0	0	1	1	1
STOX1	0	0	0	0	0	0	0	0	0	1	1	1
NKD2	0	0	0	0	0	0	0	0	0	1	1	1
RBL1	0	0	0	0	0	0	0	0	0	1	1	1
ELL	0	0	0	0	0	0	0	0	0	1	1	1
PHYHD1	0	0	0	0	0	0	1	1	1	0	0	0
JPT1	0	0	0	1	1	1	0	0	0	0	0	0
THNSL2	0	0	0	1	1	1	0	0	0	0	0	0
WWTR1	0	0	0	1	1	1	0	0	0	0	0	0
WDR90	0	0	0	0	0	0	1	1	1	0	0	0
ACTRT2	0	0	0	1	1	1	0	0	0	0	0	0
PITPNM1	0	0	0	0	0	0	0	0	0	1	1	1
DGUOK	0	0	0	0	0	0	1	1	1	0	0	0
ZNF597	1	1	1	0	0	0	0	0	0	0	0	0
OR10A3	0	0	0	0	0	0	0	0	0	1	1	1
IGBP1	0	0	0	1	1	1	0	0	0	0	0	0
ADAM10	1	1	1	0	0	0	0	0	0	0	0	0
DHX30	0	0	0	0	0	0	0	0	0	1	1	1
BMP15	0	0	0	0	0	0	0	0	0	1	1	1
FAM83B	0	0	0	1	1	1	0	0	0	0	0	0
FAM83E	0	0	0	0	0	0	-1	-1	-1	0	0	0
HCFC1	0	0	0	0	0	0	1	1	1	0	0	0
CPNE2	0	0	0	1	1	1	0	0	0	0	0	0
SGF29	1	1	1	0	0	0	0	0	0	0	0	0
SLC38A10	0	0	0	0	0	0	0	0	0	1	1	1
DNASE1	0	0	0	0	0	0	1	1	1	0	0	0
GRIN2A	0	0	0	0	0	0	0	0	0	1	1	1
DHX37	0	0	0	0	0	0	0	0	0	1	1	1
FAAP24	0	0	0	1	1	1	0	0	0	0	0	0
DGKD	0	0	0	0	0	0	0	0	0	1	1	1
U2AF1L4	0	0	0	0	0	0	0	0	0	1	1	1
CLTCL1	0	0	0	1	1	1	0	0	0	0	0	0
MOV10L1	0	0	0	1	1	1	0	0	0	0	0	0
TXNDC15	0	0	0	0	0	0	0	0	0	1	1	1
ZBTB44	0	0	0	0	0	0	0	0	0	1	1	1
BRAF	0	0	0	1	1	1	0	0	0	0	0	0
PTPRH	1	1	1	0	0	0	0	0	0	0	0	0
CTC1	1	1	1	0	0	0	0	0	0	0	0	0
HIPK3	1	1	1	0	0	0	0	0	0	0	0	0
SPATA48	0	0	0	0	0	0	1	1	1	0	0	0
HIPK4	0	0	0	0	0	0	1	1	1	0	0	0
LEMD3	0	0	0	0	0	0	0	0	0	1	1	1
LEMD2	1	1	1	0	0	0	0	0	0	0	0	0
OTUD7A	0	0	0	1	1	1	0	0	0	0	0	0
OTUD7B	1	1	1	0	0	0	0	0	0	0	0	0
NCAN	0	0	0	1	1	1	0	0	0	0	0	0
MRPL54	0	0	0	0	0	0	1	1	1	0	0	0
SCN4A	1	1	1	0	0	0	0	0	0	0	0	0
ARHGEF11	0	0	0	1	1	1	0	0	0	0	0	0
TMCO3	0	0	0	0	0	0	1	1	1	0	0	0
AP5M1	0	0	0	1	1	1	0	0	0	0	0	0
PCDHGC5	0	0	0	1	1	1	0	0	0	0	0	0
MENT	0	0	0	0	0	0	0	0	0	2	2	2
PTER	0	0	0	0	0	0	0	0	0	1	1	1
ANGPTL5	0	0	0	0	0	0	1	1	1	0	0	0
ANGPTL1	0	0	0	0	0	0	1	1	1	0	0	0
KLC4	1	1	1	0	0	0	0	0	0	0	0	0
LGR5	0	0	0	1	1	1	0	0	0	0	0	0
FBXW10	0	0	0	0	0	0	0	0	0	1	1	1
CDKN1A	0	0	0	0	0	0	1	1	1	0	0	0
MMP19	1	1	1	0	0	0	0	0	0	0	0	0
PDS5B	0	0	0	1	1	1	0	0	0	0	0	0
PRG3	1	1	1	0	0	0	0	0	0	0	0	0
CHCHD3	0	0	0	0	0	0	0	0	0	1	1	1
APOB	0	0	0	1	1	1	0	0	0	0	0	0
OVCA2	0	0	0	1	1	1	0	0	0	0	0	0
VWA5B1	1	1	1	0	0	0	0	0	0	0	0	0
KYAT3	0	0	0	0	0	0	0	0	0	1	1	1
PUS7L	1	1	1	0	0	0	0	0	0	0	0	0
TSPYL6	2	2	2	0	0	0	0	0	0	0	0	0
ZNF223	0	0	0	1	1	1	0	0	0	0	0	0
KIF7	0	0	0	0	0	0	1	1	1	0	0	0
TMEM129	0	0	0	0	0	0	0	0	0	1	1	1
NCAPD2	1	1	1	0	0	0	0	0	0	0	0	0
SLC39A9	0	0	0	0	0	0	0	0	0	1	1	1
SDF4	0	0	0	0	0	0	1	1	1	0	0	0
XIRP1	0	0	0	0	0	0	0	0	0	1	1	1
NUFIP1	0	0	0	1	1	1	0	0	0	0	0	0
GZMA	0	0	0	0	0	0	0	0	0	1	1	1
MTHFD1L	0	0	0	1	1	1	0	0	0	0	0	0
KIR2DL1	0	0	0	0	0	0	1	1	1	0	0	0
ATXN7	0	0	0	0	0	0	1	-1	-1	0	0	0
ATXN3	0	0	0	0	0	0	0	0	0	1	1	1
MYH13	0	0	0	0	0	0	1	1	1	0	0	0
AOX1	1	1	1	0	0	0	0	0	0	0	0	0
MAP4K3	0	0	0	0	0	0	0	0	0	1	1	1
AKAP13	0	0	0	0	0	0	1	1	1	0	0	0
CCDC181	0	0	0	0	0	0	1	1	1	0	0	0
CCDC180	1	1	1	0	0	0	0	0	0	0	0	0
TSC2	0	0	0	0	0	0	1	1	1	0	0	0
OXER1	0	0	0	0	0	0	1	1	1	0	0	0
IFI44L	0	0	0	0	0	0	1	1	1	0	0	0
ALAS1	1	1	1	0	0	0	0	0	0	0	0	0
OR2A5	1	1	1	0	0	0	0	0	0	0	0	0
GARNL3	0	0	0	0	0	0	0	0	0	1	1	1
BRWD3	0	0	0	1	1	1	0	0	0	0	0	0
OR6K6	1	1	1	0	0	0	0	0	0	0	0	0
LEPR	1	1	1	0	0	0	0	0	0	0	0	0
CDCA7L	0	0	0	0	0	0	0	0	0	1	1	1
SCAF8	0	0	0	1	1	1	0	0	0	0	0	0
ARID5B	0	0	0	0	0	0	1	1	1	0	0	0
NAA35	0	0	0	0	0	0	0	0	0	1	1	1
FITM2	0	0	0	0	0	0	0	0	0	1	1	1
SH3TC2	1	1	1	0	0	0	0	0	0	0	0	0
LMOD2	0	0	0	0	0	0	0	0	0	2	2	2
B4GALNT2	1	1	1	0	0	0	0	0	0	0	0	0
WDR87	0	0	0	1	1	1	0	0	0	0	0	0
ATP13A2	0	0	0	0	0	0	1	1	1	0	0	0
ATP13A5	1	1	1	0	0	0	0	0	0	0	0	0
IMPDH1	0	0	0	1	1	1	0	0	0	0	0	0
ESYT3	0	0	0	0	0	0	1	1	1	0	0	0
PRKRA	0	2	2	0	0	0	0	2	0	0	0	0
DCSTAMP	0	0	0	0	0	0	0	0	0	1	1	1
ARSG	0	0	0	0	0	0	0	0	0	1	1	1
EXOC4	0	0	0	0	0	0	0	0	0	1	1	1
HMBOX1	0	0	0	0	0	0	0	0	0	1	1	1
HEXA	0	0	0	0	0	0	1	1	1	0	0	0
EXOC8	0	0	0	0	0	0	1	1	1	0	0	0
ARMCX2	0	0	0	0	0	0	0	0	0	1	1	1
CHRNG	0	0	0	0	0	0	0	0	0	1	1	1
ACBD4	0	0	0	0	0	0	1	1	1	0	0	0
RAD17	0	0	0	1	1	1	0	0	0	0	0	0
CEP112	0	0	0	1	1	1	0	0	0	0	0	0
OR9A2	1	1	1	0	0	0	0	0	0	0	0	0
TNRC6B	0	0	0	1	1	1	0	0	0	0	0	0
USP28	0	0	0	0	0	0	0	0	0	1	1	1
DAB2	0	0	0	0	0	0	1	1	1	0	0	0
FAM234A	0	0	0	0	0	0	1	1	1	0	0	0
KIAA1468	0	0	0	0	0	0	0	0	0	1_2	1_2	1_2
CDH8	1	1	1	0	0	0	0	0	0	0	0	0
CDH1	0	0	0	0	0	0	1	1	1	0	0	0
DPP10	0	0	0	1	1	1	0	0	0	0	0	0
DFFB	0	0	0	0	0	0	1	1	1	0	0	0
SIGLEC15	0	0	0	0	0	0	1	1	1	0	0	0
PEX11G	1	1	1	0	0	0	0	0	0	0	0	0
KPTN	0	0	0	0	0	0	0	0	0	1	1	1
OGDHL	1	1	1	0	0	0	0	0	0	0	0	0
SCARB2	1	1	1	0	0	0	0	0	0	0	0	0
MRPL42	0	0	0	1	1	1	0	0	0	0	0	0
ADGRG2	0	0	0	1	1	1	0	0	0	0	0	0
HGFAC	0	0	0	0	0	0	1	1	1	0	0	0
NETO2	0	0	0	0	0	0	0	0	0	1	1	1
WNT2B	1	1	1	0	0	0	0	0	0	0	0	0
RRAD	1	1	1	0	0	0	0	0	0	0	0	0
ZNF695	0	0	0	1	1	1	0	0	0	0	0	0
FHAD1	1	1	1	0	0	0	0	0	0	0	0	0
CPT1B	0	0	0	0	0	0	0	0	0	1	1	1
CNTN5	0	0	0	0	0	0	0	0	0	1	1	1
LAMB1	0	0	0	0	0	0	1	1	1	0	0	0
LAMB2	1	1	1	0	0	0	0	0	0	0	0	0
LCE1F	0	0	0	1	1	1	0	0	0	0	0	0
TCF15	1	1	1	0	0	0	0	0	0	0	0	0
NEK4	0	0	0	0	0	0	0	0	0	1	1	1
LCE1C	0	0	0	0	0	0	1	1	1	0	0	0
ARHGAP17	0	0	0	0	0	0	1	1	1	0	0	0
ZNF160	0	0	0	0	0	0	0	0	0	1	1	1
B3GNTL1	0	0	0	0	0	0	0	0	0	1	1	1
TPTE	0	0	0	0	0	0	0	0	0	1	1	1
GPR162	0	0	0	0	0	0	1	1	1	0	0	0
ZNF185	1	1	1	0	0	0	0	0	0	0	0	0
ADA2	0	0	0	1	1	1	0	0	0	0	0	0
CNGA4	0	0	0	0	0	0	0	0	0	1	1	1
DNAH2	0	0	0	1	1	1	0	0	0	0	0	0
DNAH1	0	0	0	1	1	1	0	0	0	0	0	0
DNAH5	0	0	0	1	1	1	0	0	0	0	0	0
DNAH9	0	0	0	1	1	1	0	0	0	0	0	0
NSD3	1	1	1	0	0	0	0	0	0	0	0	0
ZNF502	1	1	1	0	0	0	0	0	0	0	0	0
ZNF239	0	0	0	1	1	1	0	0	0	0	0	0
TMEM139	1	1	1	0	0	0	0	0	0	0	0	0
FOXE3	0	0	0	1	1	1	0	0	0	0	0	0
STBD1	0	0	0	0	0	0	1	1	1	0	0	0
SLC12A2	0	0	0	0	0	0	0	0	0	1	1	1
GCNA	1	1	1	0	0	0	0	0	0	0	0	0
GREB1	1	1	1	0	0	0	0	0	0	0	0	0
MYH1	0	0	0	1	1	1	0	0	0	0	0	0
MYH7	0	0	0	0	0	0	1	1	1	0	0	0
C17ORF75	0	0	0	0	0	0	0	0	0	1	1	1
ZNF436	0	0	0	0	0	0	1	1	1	0	0	0
RANBP9	0	0	0	0	0	0	1	1	1	0	0	0
ZNF439	0	0	0	0	0	0	0	0	0	1	1	1
PUS1	0	0	0	1	1	1	0	0	0	0	0	0
VTN	0	0	0	1	1	1	0	0	0	0	0	0
GCN1	0	0	0	1	1	1	0	0	0	0	0	0
NUDT16	0	0	0	0	0	0	1	1	1	0	0	0
GXYLT2	0	0	0	0	0	0	0	0	0	1	1	1
NUDT19	0	0	0	0	0	0	0	0	0	1	1	1
KEL	0	0	0	0	0	0	0	0	0	1	1	1
HHLA2	1	1	1	0	0	0	0	0	0	0	0	0
CSPP1	0	0	0	0	0	0	-1	-1	-1	0	0	0
OR2T27	0	0	0	0	0	0	0	0	0	1	1	1
TGFB1	0	0	0	0	0	0	0	0	0	1	1	1
STAB1	0	0	0	1	1	1	0	0	0	0	0	0
STAB2	0	0	0	1	1	1	0	0	0	0	0	0
FOXQ1	0	0	0	0	0	0	0	0	0	1	1	1
MTERF1	0	0	0	0	0	0	0	0	0	1	1	1
SLC5A8	0	0	0	0	0	0	0	0	0	1	1	1
IQGAP1	0	0	0	0	0	0	0	0	0	1	1	1
UIMC1	0	0	0	1	1	1	0	0	0	0	0	0
IQGAP3	0	0	0	0	0	0	0	0	0	1	1	1
SCGB1D2	1	1	1	0	0	0	0	0	0	0	0	0
OC90	0	0	0	0	0	0	0	0	0	1	1	1
RB1	0	0	0	0	0	0	1	1	1	0	0	0
SMNDC1	0	0	0	0	0	0	0	0	0	-1	-1	-1
TMEM132B	0	0	0	0	0	0	1	1	1	0	0	0
ATAD3C	0	0	0	0	0	0	0	0	0	1	1	1
ATAD3B	0	0	0	0	0	0	1	1	1	0	0	0
TECPR1	1	1	1	0	0	0	0	0	0	0	0	0
CARD10	0	0	0	1	1	1	0	0	0	0	0	0
TXLNB	0	0	0	0	0	0	0	0	0	1	1	1
CARD14	0	0	0	1	1	1	0	0	0	0	0	0
COL24A1	0	0	0	0	0	0	0	0	0	1	1	1
CALD1	0	0	0	0	0	0	1	1	1	0	0	0
FAM170B	1	1	1	0	0	0	0	0	0	0	0	0
ABI3	1	1	1	0	0	0	0	0	0	0	0	0
ZNF512B	0	0	0	1	1	1	0	0	0	0	0	0
BPTF	0	0	0	0	0	0	0	0	0	1	1	1
IL22	1	1	1	0	0	0	0	0	0	0	0	0
NAALADL2	0	0	0	0	0	0	0	0	0	1	1	1
NAALADL1	0	0	0	1	1	1	0	0	0	0	0	0
MC1R	1	1	1	0	0	0	0	0	0	0	0	0
OR4N2	0	0	0	1	1	1	0	0	0	0	0	0
WNK3	1	1	1	0	0	0	0	0	0	0	0	0
USP36	1	1	1	0	0	0	0	0	0	0	0	0
TOR1AIP2	0	0	0	1	1	1	0	0	0	0	0	0
ZNF469	0	0	0	0	0	0	0	0	0	1	1	1
PLD3	0	0	0	0	0	0	1	1	1	0	0	0
ADCY8	0	0	0	0	0	0	0	0	0	1	1	1
GUCY1B1	0	0	0	0	0	0	0	0	0	1	1	1
ZBTB22	0	0	0	1	1	1	0	0	0	0	0	0
NR1H3	0	0	0	0	0	0	0	0	0	1	1	1
GABRB2	0	0	0	1	1	1	0	0	0	0	0	0
DOCK3	0	0	0	1	1	1	0	0	0	0	0	0
MED25	0	0	0	0	0	0	1	1	1	0	0	0
DOCK7	0	0	0	1	1	1	0	0	0	0	0	0
ACSBG1	0	0	0	0	0	0	1	1	1	0	0	0
ACSBG2	0	0	0	0	0	0	0	0	0	1	1	1
DCAF12L1	0	0	0	0	0	0	0	0	0	1	1	1
SCNN1G	1	1	1	0	0	0	0	0	0	0	0	0
POM121	0	0	0	1	1	1	0	0	0	0	0	0
ARHGEF33	1	1	1	0	0	0	0	0	0	0	0	0
PARP4	0	0	0	0	0	0	0	0	0	1	1	1
EPN1	0	0	0	1	1	1	0	0	0	0	0	0
ESPNL	0	0	0	1	1	1	0	0	0	0	0	0
BTNL9	1	1	1	0	0	0	0	0	0	0	0	0
OR52I2	0	0	0	0	0	0	0	0	0	1	1	1
GIMAP8	1	1	1	0	0	0	0	0	0	0	0	0
DDX60	0	0	0	0	0	0	0	0	0	1	1	1
KIR3DL1	0	0	0	0	0	0	0	0	0	1	1	1
LAMC1	0	0	0	1	1	1	0	0	0	0	0	0
PCDHGA6	0	0	0	1	1	1	0	0	0	0	0	0
PCDHGA4	0	0	0	0	0	0	1	1	1	0	0	0
CDC14A	1	1	1	0	0	0	0	0	0	0	0	0
ZNF750	0	0	0	0	0	0	0	0	0	1	1	1
PPP2R5C	0	0	0	0	0	0	0	0	0	1	1	1
SMIM17	0	0	0	0	0	0	0	0	0	1	1	1
TCHP	0	0	0	0	0	0	1	1	1	0	0	0
OR52W1	1	1	1	0	0	0	0	0	0	0	0	0
KCNA3	1	1	1	0	0	0	0	0	0	0	0	0
ZNF534	1	1	1	0	0	0	0	0	0	0	0	0
OPTN	0	0	0	0	0	0	1	1	1	0	0	0
SLC10A7	0	0	0	0	0	0	1	1	1	0	0	0
OR5AP2	1	1	1	0	0	0	0	0	0	0	0	0
RUSC1	1	1	1	0	0	0	0	0	0	0	0	0
VARS2	0	0	0	1	1	1	0	0	0	0	0	0
PUS10	0	0	0	0	0	0	0	0	0	1	1	1
UGGT1	0	0	0	0	0	0	1	1	1	0	0	0
ACACA	0	0	0	0	0	0	1	1	1	0	0	0
RIMBP2	1	1	1	0	0	0	0	0	0	0	0	0
APPL2	0	0	0	0	0	0	1	1	1	0	0	0
AGRN	1	1	1	0	0	0	0	0	0	0	0	0
CAPN15	0	0	0	0	0	0	0	0	0	1	1	1
CAPN12	0	0	0	1	1	1	0	0	0	0	0	0
PREB	0	0	0	0	0	0	1	1	1	0	0	0
HMGXB3	1	1	1	0	0	0	0	0	0	0	0	0
HYI	0	0	0	1	1	1	0	0	0	0	0	0
MYLPF	0	0	0	0	0	0	1	1	1	0	0	0
DCLRE1C	0	0	0	1	1	1	0	0	0	0	0	0
KRT16	0	0	0	1	1	1	0	0	0	0	0	0
CFAP46	0	0	0	0	0	0	0	0	0	1	1	1
COPG1	0	0	0	0	0	0	0	0	0	1	1	1
OR2T11	0	0	0	0	0	0	0	0	0	1	1	1
OR2T12	0	0	0	0	0	0	0	0	0	1	1	1
PDZK1	0	0	0	0	0	0	1	1	1	0	0	0
DCP2	0	0	0	1	1	1	0	0	0	0	0	0
RANGAP1	0	0	0	0	0	0	0	0	0	1	1	1
CD63	0	0	0	0	0	0	0	0	0	1	1	1
TP53BP1	0	0	0	1	1	1	0	0	0	0	0	0
PPP6R3	0	0	0	0	0	0	0	0	0	1	1	1
GTPBP3	0	0	0	0	0	0	0	0	0	1	1	1
FLNA	0	0	0	0	0	0	0	0	0	1	1	1
SYNPO2L	0	0	0	1	1	1	0	0	0	0	0	0
EMC10	1	1	1	0	0	0	0	0	0	0	0	0
IPPK	1	1	1	0	0	0	0	0	0	0	0	0
ARHGAP40	0	0	0	0	0	0	0	0	0	1	1	1
C21ORF140	0	0	0	1	1	1	0	0	0	0	0	0
CFDP1	1	1	1	0	0	0	0	0	0	0	0	0
HECTD3	0	0	0	1	1	1	0	0	0	0	0	0
PIBF1	0	0	0	0	0	0	1	1	1	0	0	0
CDX2	0	0	0	0	0	0	1	1	1	0	0	0
CLMN	0	0	0	1	1	1	0	0	0	0	0	0
SETD1B	1	1	1	0	0	0	0	0	0	0	0	0
PKD1L1	0	0	0	1	1	1	0	0	0	0	0	0
PKD1L2	0	0	0	1	1	1	0	0	0	0	0	0
IP6K3	0	0	0	1	1	1	0	0	0	0	0	0
CAPN1	1	1	1	0	0	0	0	0	0	0	0	0
LRRC37B	0	0	0	0	0	0	0	0	0	1	1	1
CAPN8	0	0	0	0	0	0	1	1	1	0	0	0
TAT	0	0	0	0	0	0	1	1	1	0	0	0
KLHL9	0	0	0	0	0	0	0	0	0	1	1	1
PXDN	0	0	0	0	0	0	0	0	0	1	1	1
LRRD1	0	0	0	0	0	0	0	0	0	1	1	1
PLXNB2	0	0	0	0	0	0	1	1	1	0	0	0
PLXNB1	0	0	0	1	1	1	0	0	0	0	0	0
SLC4A8	0	0	0	0	0	0	1	1	1	0	0	0
DCTN4	0	0	0	0	0	0	0	0	0	1	1	1
GRAMD4	0	0	0	1	1	1	0	0	0	0	0	0
ZBTB33	1	1	1	0	0	0	0	0	0	0	0	0
RNF223	1	1	1	0	0	0	0	0	0	0	0	0
ZBTB37	0	0	0	0	0	0	0	0	0	1	1	1
KLHL36	0	0	0	0	0	0	1	1	1	0	0	0
SMC1B	1	1	1	0	0	0	0	0	0	0	0	0
SPATA19	0	0	0	0	0	0	1	1	1	0	0	0
ZNF568	0	0	0	0	0	0	0	0	0	1	1	1
PLEC	0	0	0	0	0	0	0	0	0	1	1	1
CARMIL3	0	0	0	1	1	1	0	0	0	0	0	0
PEX5	0	0	0	0	0	0	1	1	1	0	0	0
ADGRA1	0	0	0	0	0	0	1	1	1	0	0	0
HECW1	0	0	0	0	0	0	0	0	0	1	1	1
HECW2	1	1	1	0	0	0	0	0	0	0	0	0
SCN7A	0	0	0	0	0	0	0	0	0	1	1	1
BTN3A1	0	0	0	0	0	0	1	1	1	0	0	0
C6ORF163	0	0	0	0	0	0	0	0	0	1	1	1
MRPS35	1	1	1	0	0	0	0	0	0	0	0	0
LCE3E	0	0	0	0	0	0	0	0	0	1	1	1
TBC1D2	0	0	0	0	0	0	0	0	0	1	1	1
MRPS31	0	0	0	0	0	0	1	1	1	0	0	0
TBC1D7	0	0	0	1	1	1	0	0	0	0	0	0
HSPA12B	0	0	0	0	0	0	1	1	1	0	0	0
CES5A	1	1	1	0	0	0	0	0	0	0	0	0
DNHD1	0	0	0	0	0	0	0	0	0	1	1	1
FGF14	0	0	0	0	0	0	0	0	0	1	1	1
DAGLA	1	1	1	0	0	0	0	0	0	0	0	0
MDC1	0	0	0	0	0	0	0	0	0	1	1	1
SYNE1	1	1	1	0	0	0	0	0	0	0	0	0
SYNE4	0	0	0	0	0	0	1	1	1	0	0	0
POMK	1	1	1	0	0	0	0	0	0	0	0	0
SEMA3A	1	1	1	0	0	0	0	0	0	0	0	0
PAPPA2	1	1	1	0	0	0	0	0	0	0	0	0
STOML2	0	0	0	0	0	0	0	0	0	1	1	1
PDE4DIP	0	0	0	0	0	0	0	0	0	1	1	1
RNF144B	0	0	0	1	1	1	0	0	0	0	0	0
ARL9	0	0	0	0	0	0	0	0	0	1	1	1
DCAF13	1	1	1	0	0	0	0	0	0	0	0	0
FRMD4B	0	0	0	1	1	1	0	0	0	0	0	0
RIPK4	0	0	0	0	0	0	0	0	0	1	1	1
CEP135	0	0	0	1	1	1	0	0	0	0	0	0
PLCXD3	0	0	0	1	1	1	0	0	0	0	0	0
BIVM	0	0	0	1	1	1	0	0	0	0	0	0
TNR	0	0	0	1	1	1	0	0	0	0	0	0
MLXIPL	0	0	0	0	0	0	0	0	0	1	1	1
POU4F2	0	0	0	0	0	0	0	0	0	2	2	2
FBF1	1	1	1	0	0	0	0	0	0	0	0	0
RASA1	0	0	0	1	1	1	0	0	0	0	0	0
SLC40A1	0	0	0	0	0	0	-1	-1	-1	0	0	0
OR56B4	0	0	0	0	0	0	1	1	1	0	0	0
CFAP53	0	0	0	1	1	1	0	0	0	0	0	0
PTPRG	0	0	0	0	0	0	1	1	1	0	0	0
PTPRD	0	0	0	0	0	0	1	1	1	0	0	0
MYO7B	0	0	0	1	1	1	0	0	0	0	0	0
TLCD1	0	0	0	0	0	0	-1	-1	-1	0	0	0
LTB4R2	0	0	0	0	0	0	2	2	2	0	0	0
WLS	0	0	0	1	1	1	0	0	0	0	0	0
OR13H1	0	0	0	0	0	0	0	0	0	1	1	1
IFNAR1	0	0	0	1	1	1	0	0	0	0	0	0
SRSF11	1	1	1	0	0	0	0	0	0	0	0	0
SLC27A4	0	0	0	0	0	0	0	0	0	1	1	1
GAPVD1	0	0	0	0	0	0	0	0	0	1	1	1
N6AMT1	1	1	1	0	0	0	0	0	0	0	0	0
IRAK3	0	0	0	1	1	1	0	0	0	0	0	0
WDR7	1	1	1	0	0	0	0	0	0	0	0	0
CD33	0	0	0	0	0	0	0	0	0	1	1	1
DIAPH1	0	0	0	1	1	1	0	0	0	0	0	0
DMP1	2	2	2	0	0	0	0	0	0	0	0	0
SMARCD3	1	1	1	0	0	0	0	0	0	0	0	0
SLC17A8	0	0	0	0	0	0	0	0	0	1	1	1
OCSTAMP	0	0	0	1	1	1	0	0	0	0	0	0
TAS2R8	0	0	0	1	1	1	0	0	0	0	0	0
PRR12	1	1	1	0	0	0	0	0	0	0	0	0
PRR14	0	0	0	1	1	1	0	0	0	0	0	0
PRR19	0	0	0	0	0	0	1	1	1	0	0	0
SLC17A7	0	0	0	0	0	0	0	0	0	1	1	1
UROS	0	0	0	0	0	0	1	1	1	0	0	0
GABBR2	0	0	0	0	0	0	0	0	0	1	1	1
PANK1	0	0	0	1	1	1	0	0	0	0	0	0
SOX11	0	0	0	1	1	1	0	0	0	0	0	0
ABCA4	0	0	0	0	0	0	0	0	0	1	1	1
ABCA5	0	0	0	0	0	0	1	1	1	0	0	0
CHRAC1	0	0	0	0	0	0	0	0	0	1	1	1
MC3R	0	0	0	0	0	0	1	1	1	0	0	0
NFASC	1	1	1	0	0	0	0	0	0	0	0	0
ASIC3	1	1	1	0	0	0	0	0	0	0	0	0
TNK2	0	0	0	1	1	1	0	0	0	0	0	0
TNK1	0	0	1	0	0	0	0	0	0	1	1	0
ZDHHC5	0	0	0	1	1	1	0	0	0	0	0	0
LRR1	0	0	0	1	1	1	0	0	0	0	0	0
ZC3H4	0	0	0	0	0	0	0	0	0	1	1	1
KRT10	1	1	1	0	0	0	0	0	0	0	0	0
FLNB	0	0	0	0	0	0	0	0	0	1	1	1
PRDM8	0	0	0	0	0	0	0	0	0	1	1	1
KLHL23	1	1	1	0	0	0	0	0	0	0	0	0
ACSM4	0	0	0	1	1	1	0	0	0	0	0	0
SPTA1	1	1	1	0	0	0	0	0	0	0	0	0
FH	1	1	1	0	0	0	0	0	0	0	0	0
ZFP69B	0	0	0	0	0	0	1	1	1	0	0	0
FAM186A	0	0	0	0	0	0	0	0	0	1	1	1
ASPM	1	1	1	0	0	0	0	0	0	0	0	0
ASPH	0	0	0	0	0	0	0	0	0	1	1	1
OR4L1	0	0	0	1	1	1	0	0	0	0	0	0
RAD51AP2	1	1	1	0	0	0	0	0	0	0	0	0
RBM10	1	1	1	0	0	0	0	0	0	0	0	0
SIT1	0	0	0	0	0	0	0	0	0	1	1	1
PLEKHD1	1	1	1	0	0	0	0	0	0	0	0	0
LAMA1	0	0	0	0	0	0	1	1	1	0	0	0
LAMA2	0	0	0	1	1	1	0	0	0	0	0	0
LAMA3	0	0	0	0	0	0	0	0	0	1	1	1
RXRA	0	0	0	0	0	0	1	1	1	0	0	0
GRAMD1C	0	0	0	0	0	0	1	1	1	0	0	0
MEPCE	1	1	1	0	0	0	0	0	0	0	0	0
ZNF737	1	1	1	0	0	0	0	0	0	0	0	0
TRIOBP	0	0	0	1	1	1	0	0	0	0	0	0
TAF1L	0	0	0	0	0	0	1	1	1	0	0	0
KRTCAP3	0	0	0	0	0	0	0	0	0	-1	-1	-1
SSTR3	0	0	0	1	1	1	0	0	0	0	0	0
HTR3E	1	1	1	0	0	0	0	0	0	0	0	0
ABCA1	0	0	0	0	0	0	0	0	0	1	1	1
ABCA8	1	1	1	0	0	0	0	0	0	0	0	0
FLAD1	0	0	0	0	0	0	0	0	0	1	1	1
PSMD2	0	0	0	0	0	0	0	0	0	1	1	1
MYOC	0	0	0	0	0	0	0	0	0	1	1	1
RTP1	0	0	0	1	1	1	0	0	0	0	0	0
ZNF14	0	0	0	1	1	1	0	0	0	0	0	0
MOB1B	0	0	0	0	0	0	1	1	1	0	0	0
MYOF	0	0	0	0	0	0	0	0	0	1	1	1
MAD1L1	0	0	0	0	0	0	1	1	1	0	0	0
ACAA1	0	0	0	0	0	0	0	0	0	1	1	1
ZNF648	0	0	0	0	0	0	0	0	0	1	1	1
RPGRIP1L	0	0	0	0	0	0	0	0	0	1	1	1
SIPA1L2	0	0	0	0	0	0	1	1	1	0	0	0
TTLL5	0	0	0	0	0	0	1	1	1	0	0	0
NOS1	0	0	0	1	1	1	0	0	0	0	0	0
ALDH3B1	1	1	1	0	0	0	0	0	0	0	0	0
LTBP4	1	1	1	0	0	0	0	0	0	0	0	0
RTN3	0	0	0	0	0	0	0	0	0	1	1	1
ACSM2B	0	0	0	1	1	1	0	0	0	0	0	0
PLA2G4C	0	0	0	1	1	1	0	0	0	0	0	0
ST6GALNAC5	1	1	1	0	0	0	0	0	0	0	0	0
PARD3	0	0	0	0	0	0	0	0	0	1	1	1
ATP4B	0	0	0	0	0	0	1	1	1	0	0	0
CILP	1	1	1	0	0	0	0	0	0	0	0	0
FAM228A	1	1	1	0	0	0	0	0	0	0	0	0
ZNF461	0	0	0	0	0	0	0	0	0	1	1	1
GJE1	0	0	0	1	1	1	0	0	0	0	0	0
CMTM4	0	0	0	0	0	0	0	0	0	2	2	2
ZFPM2	0	0	0	1	1	1	0	0	0	0	0	0
ZFPM1	0	0	0	0	0	0	1	1	1	0	0	0
TSPAN16	0	0	0	0	0	0	0	0	0	1	1	1
INSRR	0	0	0	0	0	0	0	0	0	1	1	1
MTPAP	0	0	0	0	0	0	0	0	0	1	1	1
POPDC2	1	1	1	0	0	0	0	0	0	0	0	0
SLC12A7	0	0	0	0	0	0	1	1	1	0	0	0
SLC12A6	1	1	1	0	0	0	0	0	0	0	0	0
P3H1	0	0	0	1	1	1	0	0	0	0	0	0
ZNF263	0	0	0	0	0	0	1	1	1	0	0	0
EXT2	0	0	0	0	0	0	1	1	1	0	0	0
LY96	1	1	1	0	0	0	0	0	0	0	0	0
ARID1B	1	1	1	0	0	0	0	0	0	0	0	0
ELMO2	0	0	0	1	1	1	0	0	0	0	0	0
SNX5	0	0	0	0	0	0	0	0	0	1	1	1
ALDH3B2	0	0	0	0	0	0	0	0	0	1	1	1
UGT3A1	1	1	1	0	0	0	0	0	0	0	0	0
VSIG2	0	0	0	0	0	0	0	0	0	-1	-1	-1
HEATR3	0	0	0	0	0	0	0	0	0	1	1	1
INSL6	0	0	0	0	0	0	1	1	1	0	0	0
RSC1A1	0	0	0	0	0	0	0	0	0	1	1	1
ITPKB	0	0	0	1	1	1	0	0	0	0	0	0
GCC1	0	0	0	0	0	0	0	0	0	1	1	1
HYDIN	0	0	0	0	0	0	0	0	0	1	1	1
SLC24A5	0	0	0	0	0	0	1	1	1	0	0	0
SLC24A2	0	0	0	0	0	0	0	0	0	1	1	1
CNOT11	0	0	0	0	0	0	-1	-1	-1	0	0	0
MLLT10	0	0	0	1	1	1	0	0	0	0	0	0
MAGEB6	0	0	0	1	1	1	0	0	0	0	0	0
SMYD1	0	0	0	0	0	0	0	0	0	1	1	1
GALNT7	0	0	0	0	0	0	1	1	1	0	0	0
GALNT3	0	0	0	1	1	1	0	0	0	0	0	0
NEIL2	0	0	0	1	1	1	0	0	0	0	0	0
SNX21	0	0	0	0	0	0	0	0	0	1	1	1
HDAC3	0	0	0	0	0	0	1	1	1	0	0	0
PIWIL3	0	0	0	1	1	1	0	0	0	0	0	0
CD72	0	0	0	0	0	0	0	0	0	1	1	1
RFC4	-1	-1	-1	0	0	0	0	0	0	0	0	0
RFC1	0	0	0	0	0	0	1	1	1	0	0	0
AHI1	0	0	0	1	1	1	0	0	0	0	0	0
ZFHX3	1_2	1_2	1_2	0	0	0	0	0	0	0	0	0
SH3BP4	-1_1	-1_1	-1_1	0	0	0	0	0	0	0	0	0
KIF17	0	0	0	0	0	0	0	0	0	1	1	1
PANX3	0	0	0	0	0	0	1	1	1	0	0	0
FECH	0	0	0	0	0	0	1	1	1	0	0	0
ZBTB17	0	0	0	1	1	1	0	0	0	0	0	0
CDT1	0	0	0	0	0	0	0	0	0	1	1	1
TEX101	0	0	0	0	0	0	0	0	0	1	1	1
CST9	0	0	0	0	0	0	1	1	1	0	0	0
CST2	0	0	0	0	0	0	0	0	0	1	1	1
MED23	0	0	0	0	0	0	0	0	0	1	1	1
PLA2R1	1	1	1	0	0	0	0	0	0	0	0	0
KIF26A	0	0	0	1	1	1	0	0	0	0	0	0
COL5A3	0	0	0	0	0	0	1	1	1	0	0	0
EFR3A	0	0	0	0	0	0	0	0	0	1	1	1
KIF1C	0	0	0	0	0	0	1	1	1	0	0	0
OR10H2	0	0	0	0	0	0	1	1	1	0	0	0
AATK	0	0	0	0	0	0	0	0	0	1	1	1
CDC20B	0	0	0	0	0	0	1	1	1	0	0	0
ATP5F1	1	1	1	0	0	0	0	0	0	0	0	0
USP2	1	1	1	0	0	0	0	0	0	0	0	0
ERCC6	0	0	0	0	0	0	0	0	0	1	1	1
SCN9A	0	0	0	0	0	0	1	1	1	0	0	0
MRPS14	1	1	1	0	0	0	0	0	0	0	0	0
NLRP10	0	0	0	0	0	0	0	0	0	1	1	1
NLRP12	0	0	0	0	0	0	1	1	1	0	0	0
ARAP2	0	0	0	1	1	1	0	0	0	0	0	0
KDM4C	0	0	0	1	1	1	0	0	0	0	0	0
VIPR1	0	0	0	0	0	0	0	0	0	1	1	1
INTS8	1	1	1	0	0	0	0	0	0	0	0	0
MMD2	0	0	0	0	0	0	0	0	0	1	1	1
PYDC2	0	0	0	1	1	1	0	0	0	0	0	0
CIDEC	1	1	1	0	0	0	0	0	0	0	0	0
ZGRF1	1	1	1	0	0	0	0	0	0	0	0	0
CNTRL	1	1	1	0	0	0	0	0	0	0	0	0
CHRNA1	1	1	1	0	0	0	0	0	0	0	0	0
ITSN2	0	0	0	0	0	0	0	0	0	1	1	1
HSF2	0	0	0	0	0	0	1	1	1	0	0	0
PMAIP1	0	0	0	0	0	0	1	1	1	0	0	0
TM7SF2	1	1	1	0	0	0	0	0	0	0	0	0
RAPGEF4	0	0	0	1	1	1	0	0	0	0	0	0
N4BP2L2	0	0	0	0	0	0	0	0	0	1	1	1
SLC30A4	0	0	0	0	0	0	1	1	1	0	0	0
BHLHE41	1	1	1	0	0	0	0	0	0	0	0	0
PRODH2	0	0	0	0	0	0	0	0	0	1	1	1
MPP6	1	1	1	0	0	0	0	0	0	0	0	0
NXPE1	1	1	1	0	0	0	0	0	0	0	0	0
OR52R1	1	1	1	0	0	0	0	0	0	0	0	0
ZNF471	0	0	0	0	0	0	1	1	1	0	0	0
ZNF474	1	1	1	0	0	0	0	0	0	0	0	0
UGT2B4	0	0	0	1	1	1	0	0	0	0	0	0
LAS1L	0	0	0	0	0	0	0	0	0	1	1	1
SNTG1	1	1	1	0	0	0	0	0	0	0	0	0
NUPL2	1	1	1	0	0	0	0	0	0	0	0	0
ROR2	0	0	0	1	1	1	0	0	0	0	0	0
MAGIX	1	1	1	0	0	0	0	0	0	0	0	0
NIN	0	0	0	0	0	0	0	0	0	1	1	1
SLTM	0	0	0	0	0	0	1	1	1	0	0	0
MYLK	0	0	0	1	1	1	0	0	0	0	0	0
KPNA7	0	0	0	1	1	1	0	0	0	0	0	0
ZNF276	1	1	1	0	0	0	0	0	0	0	0	0
COPB1	0	0	0	1	1	1	0	0	0	0	0	0
MYO5B	0	0	0	1	1	1	0	0	0	0	0	0
KCNV2	1	1	1	0	0	0	0	0	0	0	0	0
ISG20L2	0	0	0	0	0	0	1	1	1	0	0	0
CRTC2	1	1	1	0	0	0	0	0	0	0	0	0
CYP4Z1	1	1	1	0	0	0	0	0	0	0	0	0
TRPM6	0	0	0	1	1	1	0	0	0	0	0	0
NINL	0	0	0	0	0	0	1	1	1	0	0	0
FCN1	0	0	0	1	1	1	0	0	0	0	0	0
GBP1	1	1	1	0	0	0	0	0	0	0	0	0
PITPNM2	1	1	1	0	0	0	0	0	0	0	0	0
GBP6	0	0	0	0	0	0	1	1	1	0	0	0
CR2	0	0	0	0	0	0	1	1	1	0	0	0
IMPG1	0	0	0	1	1	1	0	0	0	0	0	0
ERBIN	0	0	0	0	0	0	1	1	1	0	0	0
CYP19A1	0	0	0	1	1	1	0	0	0	0	0	0
STK36	0	0	0	0	0	0	1	1	1	0	0	0
OR6N1	0	0	0	0	0	0	1	1	1	0	0	0
LCK	0	0	0	0	0	0	1	1	1	0	0	0
FAAP100	0	0	0	0	0	0	0	0	0	1	1	1
OLFM1	1	1	1	0	0	0	0	0	0	0	0	0
CD7	1	1	1	0	0	0	0	0	0	0	0	0
DNAAF2	0	0	0	0	0	0	0	0	0	1	1	1
DNAAF5	0	0	0	0	0	0	1	1	1	0	0	0
SEC23B	0	0	0	0	0	0	0	0	0	1	1	1
CHRNB2	0	0	0	0	0	0	0	0	0	1	1	1
CCDC13	0	0	0	0	0	0	1	1	1	0	0	0
TYW5	0	0	0	1	1	1	0	0	0	0	0	0
EFCAB13	0	0	0	1	1	1	0	0	0	0	0	0
LRP2	0	0	0	0	0	0	0	0	0	1	1	1
DYRK1B	0	0	0	0	0	0	0	0	0	1	1	1
SGK2	0	0	0	0	0	0	1	1	1	0	0	0
PLXNA1	0	0	0	0	0	0	1	1	1	0	0	0
URM1	0	0	0	0	0	0	1	1	1	0	0	0
BOD1L1	0	0	0	0	0	0	1	1	1	0	0	0
WDR11	0	0	0	0	0	0	1	1	1	0	0	0
WDR19	0	0	0	1	1	1	0	0	0	0	0	0
PDE4C	0	0	0	1	1	1	0	0	0	0	0	0
LMF1	1	1	1	0	0	0	0	0	0	0	0	0
MAP4K5	0	0	0	0	0	0	1	1	1	0	0	0
CDH16	1	1	1	0	0	0	0	0	0	0	0	0
CCDC74B	0	0	0	1	1	1	0	0	0	0	0	0
SPATA25	1	1	1	0	0	0	0	0	0	0	0	0
NLRC5	0	0	0	0	0	0	0	0	0	1	1	1
MAP9	0	0	0	0	0	0	1	1	1	0	0	0
ZMYND19	0	0	0	1	1	1	0	0	0	0	0	0
RAP1GAP	0	0	0	1	1	1	0	0	0	0	0	0
CHIT1	0	0	0	1	1	1	0	0	0	0	0	0
PPL	0	0	0	1	1	1	0	0	0	0	0	0
FANK1	0	0	0	0	0	0	1	1	1	0	0	0
KMT2A	0	0	0	0	0	0	1	1	1	0	0	0
COL18A1	0	0	0	0	0	0	1	1	1	0	0	0
SUCLG2	0	0	0	1	1	1	0	0	0	0	0	0
CPNE8	1	1	1	0	0	0	0	0	0	0	0	0
EPHA10	0	0	0	1	1	1	0	0	0	0	0	0
DMRTA2	0	0	0	0	0	0	0	0	0	1	1	1
CYC1	0	0	0	1	1	1	0	0	0	0	0	0
SLFN5	0	0	0	0	0	0	-1	-1	-1	0	0	0
DNAH12	0	0	0	1	1	1	0	0	0	0	0	0
MYOM2	0	0	0	0	0	0	1	1	1	0	0	0
ZNF76	0	0	0	1	1	1	0	0	0	0	0	0
NDST1	0	0	0	1	1	1	0	0	0	0	0	0
RYR2	1	1	1	0	0	0	0	0	0	0	0	0
NAV2	1	1	1	0	0	0	0	0	0	0	0	0
EHBP1L1	0	0	0	0	0	0	0	0	0	1	1	1
ELFN1	1	1	1	0	0	0	0	0	0	0	0	0
TFPI2	-1	-1	-1	0	0	0	0	0	0	0	0	0
PPIP5K2	0	0	0	0	0	0	0	0	0	1	1	1
GLIS3	0	0	0	0	0	0	1	1	1	0	0	0
SYT5	0	0	0	0	0	0	0	0	0	1	1	1
UBE2L6	0	0	0	0	0	0	1	1	1	0	0	0
C2ORF74	0	0	0	0	0	0	0	0	0	1	1	1
OR56A1	0	0	0	1	1	1	0	0	0	0	0	0
PDHX	0	0	0	1	1	1	0	0	0	0	0	0
ASB16	0	0	0	0	0	0	0	0	0	1	1	1
PREX2	0	0	0	0	0	0	0	0	0	1	1	1
THBS4	0	0	0	0	0	0	0	0	0	1	1	1
IGSF10	0	0	0	0	0	0	0	0	0	1	1	1
THBS1	0	0	0	0	0	0	0	0	0	1	1	1
ATG9A	0	0	0	0	0	0	0	0	0	1	1	1
TMEM189	1	1	1	0	0	0	0	0	0	0	0	0
SLC14A2	0	0	0	1	1	1	0	0	0	0	0	0
SDK2	0	0	0	0	0	0	0	0	0	1	1	1
ACAP1	0	0	0	0	0	0	1	1	1	0	0	0
SLC10A6	0	0	0	0	0	0	0	0	0	1	1	1
ETV7	0	0	0	1	1	1	0	0	0	0	0	0
LRRC14	0	0	0	0	0	0	0	0	0	1	1	1
RIPOR1	0	0	0	0	0	0	1	1	1	0	0	0
YIPF7	0	0	0	0	0	0	0	0	0	1	1	1
POMT2	0	0	0	0	0	0	1	1	1	0	0	0
EHD4	1	1	1	0	0	0	0	0	0	0	0	0
LUZP2	1	1	1	0	0	0	0	0	0	0	0	0
IDS	0	0	0	1	1	1	0	0	0	0	0	0
RBKS	0	0	0	0	0	0	0	0	0	1_-1	1_-1	1_-1
GON4L	1	1	1	0	0	0	0	0	0	0	0	0
ABL1	1	1	1	0	0	0	0	0	0	0	0	0
C8ORF33	0	0	0	0	0	0	0	0	0	1	1	1
USP19	1	1	1	0	0	0	0	0	0	0	0	0
SHANK1	0	0	0	0	0	0	0	0	0	1	1	1
DIS3L	0	0	0	1	1	1	0	0	0	0	0	0
BBS9	0	0	0	0	0	0	1	1	1	0	0	0
RGS12	0	0	0	0	0	0	1	1	1	0	0	0
FCMR	0	0	0	0	0	0	1	1	1	0	0	0
RGS19	1	1	1	0	0	0	0	0	0	0	0	0
HSP90AA1	0	0	0	0	0	0	0	0	0	1	1	1
CLEC16A	0	0	0	0	0	0	1	1	1	0	0	0
IL12B	1	1	1	0	0	0	0	0	0	0	0	0
UGT1A7	0	0	0	0	0	0	0	0	0	1	1	1
HJURP	0	0	0	0	0	0	0	0	0	1	1	1
CDR1	0	0	0	1	1	1	0	0	0	0	0	0
AHDC1	0	0	0	0	0	0	1	1	1	0	0	0
GLI3	0	0	0	0	0	0	1	1	1	0	0	0
TTLL10	0	0	0	0	0	0	0	0	0	1	1	1
TTLL12	0	0	0	0	0	0	1	1	1	0	0	0
C19ORF73	0	0	0	0	0	0	1	1	1	0	0	0
DISP2	1	1	1	0	0	0	0	0	0	0	0	0
ZBTB45	0	0	0	1	1	1	0	0	0	0	0	0
PDIA2	0	0	0	0	0	0	2	2	2	0	0	0
PLAT	0	0	0	1	1	1	0	0	0	0	0	0
RAB3C	1	1	1	0	0	0	0	0	0	0	0	0
HEPH	1	1	1	0	0	0	0	0	0	0	0	0
PLEKHG2	1	1	1	0	0	0	0	0	0	0	0	0
PLEKHG3	0	0	0	1	1	1	0	0	0	0	0	0
PLEKHG4	1	1	1	0	0	0	0	0	0	0	0	0
BBS1	0	0	0	1	1	1	0	0	0	0	0	0
CD163	0	0	0	0	0	0	1	1	1	0	0	0
TTC21B	0	0	0	1	1	1	0	0	0	0	0	0
BBS4	0	0	0	0	0	0	0	0	0	1	1	1
BBS7	0	0	0	0	0	0	0	0	0	1	1	1
SIGLEC6	1	1	1	0	0	0	0	0	0	0	0	0
SIGLEC1	0	0	0	0	0	0	0	0	0	1	1	1
ZNF678	0	0	0	2	0	0	0	0	0	2	0	0
MAF	0	0	0	0	0	0	0	-1	-1	0	0	0
LIAT1	0	0	0	0	0	-1	0	0	-1	0	0	0
ADARB2	0	0	0	0	1	1	0	0	0	0	0	0
ETNK1	0	0	0	0	0	0	0	0	0	0	1	1
NIPAL1	0	0	0	0	0	0	0	1	1	0	0	0
CYP4F3	0	0	0	0	0	0	0	0	0	1	0	1
PRPF6	1	1	0	0	0	0	0	0	0	0	0	0
PTH2R	1	1	0	0	0	0	0	0	0	0	0	0
FAM69B	0	1	1	0	0	0	0	0	0	0	0	0
MTRR	0	1	0	0	0	0	0	0	1	0	0	0
COPS2	0	0	0	0	0	0	0	1	1	0	0	0
ZNF598	0	0	0	0	0	0	0	0	0	0	1	1
MYCN	0	0	0	0	0	0	0	0	0	1	0	1
KRTAP10-12	0	0	0	0	0	0	1	0	1	0	0	0
NTHL1	0	0	0	0	0	0	0	1	1	0	0	0
CALML6	0	0	0	0	0	0	0	0	0	0	1	1
KDM3B	0	0	0	0	0	0	0	0	0	0	1	1
PDGFRL	0	0	0	0	0	0	0	0	0	1	1	0
CLIC3	0	0	0	0	0	0	0	1	1	0	0	0
TJP3	0	0	0	1	1	0	0	0	0	0	0	0
SOWAHA	0	0	0	0	0	0	0	2	2	0	0	0
OAF	1	1	0	0	0	0	0	0	0	0	0	0
KMT5C	0	0	0	0	0	0	0	0	0	0	1	1
GPAM	1	1	0	0	0	0	0	0	0	0	0	0
TTC30A	0	1	1	0	0	0	0	0	0	0	0	0
BMP8A	0	1	1	0	0	0	0	0	0	0	0	0
BRD8	0	0	0	0	0	0	0	0	0	1	0	1
PPDPF	-1	-1	0	0	0	0	0	0	0	0	0	0
HSPG2	0	0	0	0	0	0	0	0	0	1	0	1
COL4A2	0	0	0	0	1	1	0	0	0	0	0	0
CBLN2	1	1	0	0	0	0	0	0	0	0	0	0
AJM1	0	1	1	0	0	0	0	0	0	0	0	0
EIF2AK4	0	0	0	0	0	0	1	1	0	0	0	0
KIAA1211	0	0	0	0	0	0	0	0	0	2	0	2
HPN	0	1	1	0	0	0	0	0	0	0	0	0
RDH12	0	0	0	0	0	0	0	0	0	1	1	0
COL6A2	0	0	0	0	0	0	0	0	0	1	0	1
TERF1	0	0	0	0	0	0	2	2	0	0	0	0
OSER1	0	0	0	0	0	0	0	0	0	1	0	1
HUS1	0	0	0	0	0	0	1	1	0	0	0	0
BCL2L13	0	0	0	0	0	0	0	0	0	1	0	1
DSPP	1	1	0	0	0	0	0	0	0	0	0	0
SMARCC2	0	0	0	0	0	-1	0	1	0	0	0	0
SYS1	0	0	0	0	0	0	1	1	0	0	0	0
B3GALT5	0	0	0	0	0	0	0	0	0	1	0	1
GRM1	0	0	0	0	0	0	0	0	0	0	1	1
HOXB4	0	0	0	0	1	1	0	0	0	0	0	0
OR8S1	0	2	2	0	0	0	0	0	0	0	0	0
ZNF208	0	1	1	0	0	0	0	0	0	0	0	0
MEX3C	0	2	2	0	0	0	0	0	0	0	0	0
ZNF541	0	0	0	1	1	0	0	0	0	0	0	0
OR52H1	0	0	0	0	0	0	0	0	0	1	1	0
MMP23A	0	0	0	0	0	0	0	1	1	0	0	0
KRT75	0	0	0	0	0	0	0	0	0	0	1	1
FANCI	1	1	0	0	0	0	0	0	0	0	0	0
HOXA3	0	0	0	0	0	0	0	1	1	0	0	0
RGL3	0	0	0	0	1	1	0	0	0	0	0	0
PAGE1	0	0	0	0	0	0	1	1	0	0	0	0
ZNF155	0	0	0	0	0	0	1	1	0	0	0	0
SCRIB	0	0	0	0	0	0	0	1	1	0	0	0
BRI3BP	0	0	0	0	0	0	0	0	0	0	2	2
PPP1R37	0	0	0	1	1	0	0	0	0	0	0	0
EHHADH	0	0	0	0	0	0	0	0	0	1	0	1
DNER	0	0	0	0	0	0	0	0	0	1	1	0
SIK1	0	1	1	0	0	0	0	0	0	0	0	0
FLT3LG	0	0	0	0	0	0	0	1	1	0	0	0
C1S	0	0	0	1	1	0	0	0	0	0	0	0
AOC3	0	0	0	0	0	0	1	1	0	0	0	0
TECTA	0	0	0	0	0	0	1	1	0	0	0	0
LGSN	0	0	0	1	1	0	0	0	0	0	0	0
FMN2	0	1	1	0	0	0	0	0	0	0	0	0
NUP153	0	0	0	1	1	0	0	0	0	0	0	0
ALDH18A1	0	0	0	0	0	0	1	1	0	0	0	0
LRRC8B	0	0	0	0	0	0	0	0	0	0	1	1
SYNGR3	0	0	0	0	0	0	0	0	0	0	1	1
FAM83H	0	0	0	0	0	0	0	0	0	1	0	1
DGKQ	0	0	0	0	1	1	0	0	0	0	0	0
FAAP20	0	0	0	0	0	0	0	1	1	0	0	0
SNRPN	1	1	0	0	0	0	0	0	0	0	0	0
SYNPO	0	-1	-1	0	0	0	0	0	0	0	0	0
SLC16A6	0	0	0	0	0	0	0	0	0	0	1	1
ARHGEF17	0	0	0	0	0	0	0	0	0	0	2	2
FXR2	0	0	0	0	0	0	0	0	0	0	1	1
CDKN1C	0	0	0	0	-1	-1	0	0	0	0	0	0
GPLD1	0	0	0	0	0	0	0	0	0	1	0	1
FERD3L	0	1	1	0	0	0	0	0	0	0	0	0
GDF11	0	0	0	0	0	0	0	0	0	2	0	2
OR2T34	0	0	0	0	0	0	1	0	1	0	0	0
NRP1	1	1	0	0	0	0	0	0	0	0	0	0
E2F6	0	0	0	0	0	0	0	0	1	0	0	1
SF1	0	0	0	0	1	1	0	0	0	0	0	0
ADAMTS3	0	-1	-1	0	0	0	0	0	0	0	0	0
DENR	0	0	0	0	0	0	1	1	0	0	0	0
FAM129B	0	2	2	0	0	0	0	0	0	0	0	0
SH3TC1	0	0	0	0	1	1	0	0	0	0	0	0
ZPR1	0	0	0	0	1	1	0	0	0	0	0	0
CSF1R	0	0	0	0	0	0	2	2	0	0	0	0
GNB4	0	0	0	0	0	0	0	0	0	1	0	1
CNNM3	0	1	1	0	0	0	0	0	0	0	0	0
NOP58	0	1	0	0	0	0	0	0	0	0	1	0
RWDD2B	0	0	0	0	0	0	1	1	0	0	0	0
TNIP1	1	1	0	0	0	0	0	0	0	0	0	0
TNRC18	0	0	0	0	0	0	0	1	1	0	0	0
C2CD4A	0	1	1	0	0	0	0	0	0	0	0	0
SFTPA2	0	0	0	0	0	0	0	1	1	0	0	0
SNTB1	0	0	0	0	0	0	0	1	1	0	0	0
CFAP44	0	0	0	0	0	0	0	0	0	0	1	1
ARID3B	0	2	0	0	0	2	0	0	0	0	0	0
TOMM20L	0	0	0	0	1	1	0	0	0	0	0	0
COG8	0	0	0	0	0	0	0	0	0	0	1	1
COG7	0	0	0	0	0	0	1	1	0	0	0	0
PTGFRN	0	0	0	0	0	0	1	1	0	0	0	0
FATE1	0	0	0	0	0	0	0	1	1	0	0	0
SIRT1	0	0	0	0	1	1	0	0	0	0	0	0
CLDN12	1	1	0	0	0	0	0	0	0	0	0	0
A2M	0	0	0	0	0	0	0	0	0	0	1	1
ZNF219	0	0	0	1	1	0	0	0	0	0	0	0
GLB1L2	0	0	0	0	0	0	0	0	0	1	1	0
DERA	0	0	0	0	0	0	1	1	0	0	0	0
IFNA14	0	1	1	0	0	0	0	0	0	0	0	0
IRGQ	0	1	1	0	0	0	0	0	0	0	0	0
TMEM151B	0	0	0	0	0	0	0	0	0	0	1	1
PPFIA3	0	1	1	0	0	0	0	0	0	0	0	0
SLC35F1	0	0	0	0	0	0	0	1	1	0	0	0
FLRT2	1	1	0	0	0	0	0	0	0	0	0	0
ROS1	0	0	0	0	0	0	0	0	0	1	1	0
ARID1A	0	0	0	0	0	-1_1	0	0	1	0	0	0
MAMLD1	0	0	0	0	0	0	0	0	0	1	0	1
PKM	0	0	0	0	0	0	0	0	0	1	1	0
IRF3	0	1	1	0	0	0	0	0	0	0	0	0
GABRA1	1	1	0	0	0	0	0	0	0	0	0	0
ZBTB16	0	0	0	0	0	0	1	1	0	0	0	0
TRIM67	0	0	0	0	0	0	1	0	1	0	0	0
OR52D1	0	0	0	1	1	0	0	0	0	0	0	0
NOTCH1	0	0	0	0	0	0	1	1	0	0	0	0
NOTCH2	0	0	0	0	0	0	1	1	0	0	0	0
SLC35G2	0	-1	-1	0	0	0	0	0	0	0	0	0
RGSL1	0	0	0	1	1	0	0	0	0	0	0	0
PCDHB3	0	1	1	0	0	0	0	0	0	0	0	0
PCDHB2	0	1	1	0	0	0	0	0	0	0	0	0
OR5L1	0	0	0	0	0	0	1	0	1	0	0	0
HERC2	0	0	0	1	0	1	0	0	0	0	0	0
PRR30	0	0	0	0	0	0	0	0	0	0	1	1
CRIPAK	0	0	0	0	0	0	0	0	0	1	0	2
ALDOB	0	0	0	0	0	0	0	0	0	1	1	0
LDLRAD3	1	1	0	0	0	0	0	0	0	0	0	0
GLI2	0	0	0	0	0	0	0	0	0	0	1	1
GIPC3	0	1	1	0	0	0	0	0	0	0	0	0
MTA3	0	0	0	0	0	0	0	0	0	0	1	1
PTPRN2	0	0	0	0	0	0	0	0	0	1	0	1
HMX1	0	0	0	0	0	0	0	0	0	0	1	1
RNF17	0	0	0	0	0	0	0	0	0	1	0	0
PIK3CA	0	0	0	0	0	0	0	0	1	0	0	0
RNF111	0	0	0	0	0	0	0	0	0	0	0	1
CRB1	0	0	0	0	0	1	0	0	0	0	0	0
ZNF676	0	1	0	0	0	0	0	0	0	0	0	0
GTF3C3	0	0	0	0	1	0	0	0	0	0	0	0
FBXL13	0	0	1	0	0	0	0	0	0	0	0	0
TMEM260	0	0	0	0	0	0	0	0	1	0	0	0
TOP1	0	0	0	0	0	0	0	0	1	0	0	0
SHROOM3	0	0	1	0	0	0	0	0	0	0	0	0
MIOS	0	0	0	0	0	1	0	0	0	0	0	0
RAB11FIP1	0	0	0	0	0	0	0	1	0	0	0	0
BIN3	0	0	0	0	0	0	0	0	0	0	0	1
CLIP1	0	0	0	0	0	1	0	0	0	0	0	0
DHRS7C	0	0	1	0	0	0	0	0	0	0	0	0
IGDCC4	0	0	0	0	0	0	0	0	1	0	0	0
SYTL1	0	0	0	0	0	0	0	0	1	0	0	0
AGMO	0	0	0	0	0	1	0	0	0	0	0	0
RCBTB1	0	0	0	0	0	0	0	0	1	0	0	0
CYP4F2	0	0	1	0	0	0	0	0	0	0	0	0
PLEKHH1	0	0	0	0	0	0	0	1	0	0	0	0
RELN	0	1	0	0	0	0	0	0	0	0	0	0
KLK7	0	0	0	0	0	1	0	0	0	0	0	0
ZNF841	0	0	0	0	0	1	0	0	0	0	0	0
ETV3L	0	2	0	0	0	0	0	0	0	0	0	0
ZNF599	0	0	0	0	0	0	0	0	1	0	0	0
AMPD3	0	0	0	0	0	0	0	1	0	0	0	0
PPP6R1	0	0	0	0	0	0	0	0	0	0	0	1
EVC	0	0	0	0	0	0	0	0	1	0	0	0
PRDX4	0	0	0	0	0	0	0	0	1	0	0	0
SMARCA2	0	0	0	0	0	0	0	0	0	0	0	1
OGFR	0	0	0	1	0	0	0	0	0	0	0	0
SLC16A7	0	0	0	1	0	0	0	0	0	0	0	0
ARHGAP31	0	0	1	0	0	0	0	0	0	0	0	0
PSD3	0	0	0	0	0	0	0	0	1	0	0	0
CDH26	0	0	1	0	0	0	0	0	0	0	0	0
BRD7	0	0	0	0	1	0	0	0	0	0	0	0
PTPN13	0	0	1	0	0	0	0	0	0	0	0	0
CSF2RB	0	0	1	0	0	0	0	0	0	0	0	0
GBA	0	0	0	0	0	0	0	0	1	0	0	0
ZNF850	0	0	0	0	0	1	0	0	0	0	0	0
OR4D10	0	0	0	0	0	0	0	0	0	0	1	0
SUPT20H	0	0	1	0	0	0	0	0	0	0	0	0
CNBD1	0	0	0	0	0	0	0	0	1	0	0	0
PCDHA11	0	0	0	0	0	1	0	0	0	0	0	0
LRCH1	0	0	0	0	0	1	0	0	0	0	0	0
LRCH2	0	0	0	0	0	0	0	0	0	0	0	1
MS4A13	0	0	0	0	0	1	0	0	0	0	0	0
BCR	0	0	0	1	0	0	0	0	0	0	0	0
ZEB2	0	0	0	0	0	0	0	0	1	0	0	0
PNPT1	0	0	0	0	0	0	0	0	1	0	0	0
ALDH1A1	0	0	0	0	0	1	0	0	0	0	0	0
VCX3A	0	0	0	0	0	0	0	1	0	0	0	0
NRDE2	0	0	0	0	0	1	0	0	0	0	0	0
HSP90AB1	0	0	0	0	0	1	0	0	0	0	0	0
EVI5	0	0	-1	0	0	0	0	0	0	0	0	0
ZSCAN22	0	0	0	0	0	0	0	1	0	0	0	0
OR51A4	0	1	0	0	0	0	0	0	0	0	0	0
BMP6	0	0	1	0	0	0	0	0	0	0	0	0
PSG8	0	0	0	0	0	0	0	0	0	0	0	1
HR	0	0	1	0	0	0	0	0	0	0	0	0
PCM1	0	0	1	0	0	0	0	0	0	0	0	0
COL2A1	0	0	0	0	0	0	0	0	1	0	0	0
ABCG8	0	0	1	0	0	0	0	0	0	0	0	0
USP53	0	0	0	0	0	0	0	1	0	0	0	0
MPZ	0	0	1	0	0	0	0	0	0	0	0	0
ZNF518B	0	0	1	0	0	0	0	0	0	0	0	0
KIF20A	0	0	0	0	0	1	0	0	0	0	0	0
ART4	0	0	0	0	0	0	0	0	0	0	0	1
TMPRSS9	0	0	1	0	0	0	0	0	0	0	0	0
EVI2A	0	0	0	0	0	0	0	0	1	0	0	0
COL14A1	0	0	0	0	0	1	0	0	0	0	0	0
TBC1D10A	0	0	1	0	0	0	0	0	0	0	0	0
SMARCC1	0	0	0	0	0	0	0	1	0	0	0	0
AP1M1	0	0	0	0	0	1	0	0	0	0	0	0
NRSN1	0	0	0	0	0	1	0	0	0	0	0	0
KRR1	0	0	0	0	0	0	0	0	0	0	0	2
WDR43	0	0	0	0	0	1	0	0	0	0	0	0
GRM5	0	0	0	0	0	0	0	0	1	0	0	0
HOXB8	0	0	0	0	0	0	0	1	0	0	0	0
C1QTNF9B	0	0	0	0	0	0	0	1	0	0	0	0
DNAJC4	0	0	0	0	0	1	0	0	0	0	0	0
ZNF837	0	0	0	0	0	0	0	1	0	0	0	0
SLC27A6	0	0	0	0	0	2	0	0	0	0	0	0
ACPP	0	0	0	0	0	0	0	0	1	0	0	0
SARG	0	0	0	0	0	1	0	0	0	0	0	0
LARP1B	0	0	1	0	0	0	0	0	0	0	0	0
CBLL1	0	0	0	0	0	0	0	1	0	0	0	0
KRTAP1-4	0	0	0	0	0	0	0	0	0	0	0	1
SELENON	0	0	0	0	0	0	0	0	0	0	0	2
AASDH	0	0	0	0	-1	0	0	0	0	0	0	0
N4BP3	0	0	0	0	0	1	0	0	0	0	0	0
KIF18A	0	0	0	0	0	0	0	0	1	0	0	0
PPP3CC	0	0	1	0	0	0	0	0	0	0	0	0
TGM1	0	0	0	0	0	0	0	0	1	0	0	0
ANKRD36C	0	1	0	0	0	0	0	0	0	0	0	0
WRAP73	0	0	0	0	0	1	0	0	0	0	0	0
MTCH2	0	0	0	0	0	1	0	0	0	0	0	0
FA2H	0	0	0	0	0	1	0	0	0	0	0	0
MEP1B	0	0	0	0	0	0	1	0	0	0	0	0
TNFAIP8L3	0	0	0	0	1	0	0	0	0	0	0	0
CCAR2	0	0	0	0	0	0	0	1	0	0	0	0
SLC46A3	0	0	0	0	0	0	0	0	1	0	0	0
HDGFL1	0	0	0	0	0	1	0	0	0	0	0	0
CREBBP	0	0	0	0	0	1	0	0	0	0	0	0
KRT76	0	1	0	0	0	0	0	0	0	0	0	0
STXBP1	0	1	0	0	0	0	0	0	0	0	0	0
ADAM30	0	0	0	0	0	1	0	0	0	0	0	0
S1PR5	0	0	0	0	0	0	0	0	1	0	0	0
HAS1	0	0	0	0	0	1	0	0	0	0	0	0
HNRNPA0	0	0	0	0	0	1	0	0	0	0	0	0
GRIK3	0	0	0	0	0	1	0	0	0	0	0	0
ELAC2	0	0	0	0	0	1	0	0	0	0	0	0
NFXL1	0	0	0	0	0	1	0	0	0	0	0	0
GREM2	0	0	0	0	0	1	0	0	0	0	0	0
TYMP	0	0	1	0	0	0	0	0	0	0	0	0
ATP6V1C2	0	0	1	0	0	0	0	0	0	0	0	0
ERBB2	0	0	0	0	0	0	0	0	1	0	0	0
CIP2A	0	0	0	0	0	1	0	0	0	0	0	0
TRMU	0	0	0	0	0	1	0	0	0	0	0	0
CTSG	0	0	0	0	0	1	0	0	0	0	0	0
SOS1	0	0	0	0	0	0	0	0	0	1	0	0
FREM1	0	0	0	0	0	1	0	0	0	0	0	0
AFF4	0	0	0	0	0	0	0	0	1	0	0	0
MAP1S	0	0	1	0	0	0	0	0	0	0	0	0
KIAA0753	0	0	0	0	0	0	0	0	1	0	0	0
ABCA12	0	0	0	0	0	0	0	1	0	0	0	0
GNAQ	0	0	1	0	0	0	0	0	0	0	0	0
SEC14L1	0	0	0	0	0	1	0	0	0	0	0	0
RABEPK	0	0	0	0	0	1	0	0	0	0	0	0
FAM171A2	0	0	0	0	0	0	0	0	0	0	0	1
DCAF10	0	0	0	0	0	0	0	0	1	0	0	0
STX16	0	0	0	0	0	1	0	0	0	0	0	0
TTF1	0	0	0	0	0	0	0	0	0	0	0	1
SPTBN1	0	0	0	0	0	1	0	0	0	0	0	0
TLN2	0	0	0	0	0	1	0	0	0	0	0	0
CYP2A6	0	1	0	0	0	0	0	0	0	0	0	0
MCM8	0	0	0	0	0	0	0	0	0	0	0	1
NDUFS1	0	0	0	0	0	1	0	0	0	0	0	0
ZRANB1	0	0	0	0	0	2	0	0	0	0	0	0
PFAS	0	0	0	0	0	0	0	0	0	0	0	1
RNASE3	0	0	0	0	0	1	0	0	0	0	0	0
CPTP	0	0	0	0	0	1	0	0	0	0	0	0
QTRT2	0	0	1	0	0	0	0	0	0	0	0	0
ZADH2	0	0	1	0	0	0	0	0	0	0	0	0
TLR4	0	0	1	0	0	0	0	0	0	0	0	0
SLC19A2	0	0	0	0	0	1	0	0	0	0	0	0
UBE3B	0	0	0	0	0	1	0	0	0	0	0	0
HAUS4	0	0	0	0	0	0	0	0	1	0	0	0
MISP	0	0	0	0	0	0	0	1	0	0	0	0
CDC27	0	0	0	0	0	0	0	1	0	0	0	0
HOXD10	0	0	0	0	0	0	0	1	0	0	0	0
LIN54	0	0	0	0	0	0	0	0	1	0	0	0
MAGEC2	0	0	0	0	0	0	0	0	0	0	1	0
LRRC8D	0	0	1	0	0	0	0	0	0	0	0	0
ANKS1B	0	0	0	0	0	-1	0	0	0	0	0	0
AUTS2	0	0	0	0	0	0	0	0	0	0	0	1
KLHDC8A	0	0	0	0	0	0	0	0	0	0	1	0
USP15	0	0	0	0	0	0	0	0	1	0	0	0
PACS2	0	0	0	0	0	0	0	1	0	0	0	0
PLEKHM3	0	0	0	0	0	0	0	0	1	0	0	0
PRKAG1	0	0	0	0	0	0	0	0	1	0	0	0
PCSK1	0	1	0	0	0	0	0	0	0	0	0	0
JPH3	0	0	0	0	0	0	0	0	1	0	0	0
HIPK1	0	0	0	0	0	1	0	0	0	0	0	0
VPS8	0	0	0	0	0	0	0	0	0	0	0	1
SLITRK6	0	0	1	0	0	0	0	0	0	0	0	0
ALOXE3	0	0	0	0	0	0	0	1	0	0	0	0
ZNF680	0	0	0	0	1	0	0	0	0	0	0	0
PIK3C2G	0	0	0	0	0	1	0	0	0	0	0	0
STRBP	0	0	0	0	1	0	0	0	0	0	0	0
EDIL3	0	0	0	0	0	0	0	1	0	0	0	0
BTBD17	0	0	0	0	0	0	0	0	0	0	0	1
ELAVL1	0	0	1	0	0	0	0	0	0	0	0	0
PDS5A	0	1	0	0	0	0	0	0	0	0	0	0
VEGFC	0	0	0	0	0	0	0	0	1	0	0	0
NUFIP2	0	0	0	0	0	1	0	0	0	0	0	0
AKAP11	0	0	0	0	0	0	0	0	1	0	0	0
PIK3AP1	0	0	0	0	0	0	0	1	0	0	0	0
OR2T35	0	0	0	0	0	0	0	0	0	0	0	1
HACD1	0	1	0	0	0	0	0	0	0	0	0	0
IFNA10	0	0	0	0	0	0	0	1	0	0	0	0
APBA1	0	0	0	0	0	1	0	0	0	0	0	0
KMT5A	0	0	0	0	0	0	0	0	0	0	0	2
CAD	0	1	0	0	0	0	0	0	0	0	0	0
MGAT4A	0	0	0	0	0	0	0	0	0	0	0	1
PROKR2	0	0	1	0	0	0	0	0	0	0	0	0
TRIB1	0	0	0	0	0	1	0	0	0	0	0	0
ATP7B	0	0	0	0	0	0	0	0	1	0	0	0
FOCAD	0	0	0	0	0	1	0	0	0	0	0	0
ZNF766	0	0	0	0	0	1	0	0	0	0	0	0
CCDC8	0	0	0	0	0	1	0	0	0	0	0	0
SEMA5B	0	0	0	0	0	0	0	0	1	0	0	0
DOPEY2	0	0	0	0	0	1	0	0	0	0	0	0
DOPEY1	0	0	1	0	0	0	0	0	0	0	0	0
ZNF507	0	0	0	0	0	0	0	0	1	0	0	0
CCDC47	0	0	0	0	0	0	0	0	1	0	0	0
HS1BP3	0	0	0	0	0	0	0	0	0	1	0	0
COQ9	0	0	0	0	0	1	0	0	0	0	0	0
ZBTB3	0	0	0	0	0	1	0	0	0	0	0	0
DYNC1H1	0	0	0	0	0	1	0	0	0	0	0	0
CHST10	0	0	0	0	0	1	0	0	0	0	0	0
CUL4A	0	0	0	0	0	0	0	0	1	0	0	0
RAB4B	0	0	0	0	0	0	0	0	0	1	0	0
OR10C1	0	0	0	0	0	0	0	0	1	0	0	0
PCLO	0	0	0	0	0	0	0	0	0	0	0	1
IRF2BPL	2	0	0	0	0	0	0	0	0	0	0	0
PLD2	0	0	0	0	0	0	0	0	1	0	0	0
ETNPPL	0	0	0	0	0	1	0	0	0	0	0	0
CHMP2A	0	0	0	0	0	0	0	0	1	0	0	0
BMPR2	0	0	0	0	0	1	0	0	0	0	0	0
DOCK2	0	0	0	0	0	0	0	0	1	0	0	0
MED26	0	0	1	0	0	0	0	0	0	0	0	0
CC2D1A	0	0	1	0	0	0	0	0	0	0	0	0
C11ORF96	0	0	0	0	0	1	0	0	0	0	0	0
PLCB3	0	0	0	0	0	1	0	0	0	0	0	0
NVL	0	0	0	0	0	0	0	0	1	0	0	0
MSMO1	0	0	1	0	0	0	0	0	0	0	0	0
LCMT2	0	0	0	0	0	1	0	0	0	0	0	0
CTNND1	0	0	0	0	0	0	0	1	0	0	0	0
MFSD4A	0	0	0	0	0	1	0	0	0	0	0	0
COL13A1	0	0	1	0	0	0	0	0	0	0	0	0
COL21A1	0	0	0	0	0	0	0	0	0	0	0	1
TERT	0	0	0	0	0	0	0	0	0	0	0	1
KLHL24	0	0	0	0	0	0	0	0	0	0	0	1
KIAA0391	0	0	0	0	-1	0	0	0	0	0	0	0
PRRC2C	0	0	0	0	0	0	0	-1	0	0	0	0
IGHMBP2	0	0	1	0	0	0	0	0	0	0	0	0
FAM76A	0	0	0	0	0	1	0	0	0	0	0	0
RASL11B	0	0	0	0	0	0	0	1	0	0	0	0
KLHL30	0	0	0	0	0	0	0	0	0	0	0	1
TRIM49	0	0	0	1	0	0	0	0	0	0	0	0
KIF3C	0	0	0	0	0	0	0	0	1	0	0	0
IVL	0	0	0	0	2	0	0	0	0	0	0	0
HIST3H2A	0	0	0	0	0	1	0	0	0	0	0	0
PCDHB12	0	0	0	0	0	0	0	1	0	0	0	0
PCDHB10	0	0	0	0	0	0	0	0	0	1	0	0
PHIP	0	0	1	0	0	0	0	0	0	0	0	0
ZNF527	0	0	2	0	0	0	0	0	0	0	0	0
GGT2	0	0	0	0	1	0	0	0	0	0	0	0
TMX3	0	0	1	0	0	0	0	0	0	0	0	0
PTPRU	0	0	0	0	1	0	0	0	0	0	0	0
HAUS6	0	0	0	0	0	1	0	0	0	0	0	0
IRAK1	0	0	0	0	0	1	0	0	0	0	0	0
GRB14	0	0	-1	0	0	0	0	0	0	0	0	0
TICRR	0	0	0	0	0	1	0	0	0	0	0	0
TTC39B	0	0	0	0	0	1	0	0	0	0	0	0
FLNC	0	0	0	0	0	1	0	0	0	0	0	0
HES7	0	0	0	0	0	0	0	1	0	0	0	0
CROT	0	0	0	0	0	0	0	0	1	0	0	0
SLC26A8	0	0	0	0	0	0	0	0	1	0	0	0
DONSON	0	0	0	0	0	0	0	0	1	0	0	0
PCDHB13	0	0	0	0	1	0	0	0	0	0	0	0
TAF1D	0	0	0	0	0	0	0	1	0	0	0	0
ABCA6	0	0	1	0	0	0	0	0	0	0	0	0
TMEM151A	0	0	0	0	0	0	0	0	0	0	0	1
PSMD8	0	0	0	0	0	0	0	0	1	0	0	0
TOM1	0	0	0	0	0	0	0	0	0	0	1	0
MIS18BP1	0	0	0	0	0	-1	0	0	0	0	0	0
LCP2	0	0	0	0	0	1	0	0	0	0	0	0
KIF13A	0	0	1	0	0	0	0	0	0	0	0	0
MBD2	0	0	1	0	0	0	0	0	0	0	0	0
CYB561D1	0	0	0	0	0	0	0	0	0	1	0	0
REXO1	0	0	1	0	0	0	0	0	0	0	0	0
RASAL2	0	0	0	0	0	1	0	0	0	0	0	0
KLF9	0	0	0	0	0	0	0	0	0	0	0	1
STAM	0	0	0	0	0	0	0	0	1	0	0	0
BCAR1	0	0	0	0	0	1	0	0	0	0	0	0
NEIL1	0	1	0	0	0	0	0	0	0	0	0	0
PDX1	0	0	0	0	0	0	0	0	0	0	0	1
APC2	0	0	0	0	0	1	0	0	0	0	0	0
MMP24	0	-1	0	0	0	0	0	0	0	0	0	0
CBX6	0	0	0	0	0	1	0	0	0	0	0	0
RRP9	0	0	1	0	0	0	0	0	0	0	0	0
DOCK6	0	0	0	0	0	0	0	0	0	0	0	1
OR10H4	0	0	0	0	0	0	0	0	0	0	0	1
MBD5	0	0	0	0	0	1	0	0	0	0	0	0
ABCB1	0	0	0	0	0	0	0	0	1	0	0	0
MED13	0	0	0	0	0	1	0	0	0	0	0	0
CRACR2B	1	0	0	0	0	0	0	0	0	0	0	0
CEACAM18	0	0	0	0	0	1	0	0	0	0	0	0
CACNG5	0	0	0	0	0	0	0	0	1	0	0	0
MYL1	0	0	0	0	-1	0	0	0	0	0	0	0
PCDHAC2	0	0	0	0	1	0	0	0	0	0	0	0
AFG3L2	0	0	0	0	0	0	0	0	1	0	0	0
ZNF470	0	0	0	0	0	1	0	0	0	0	0	0
SEC63	0	-1	0	0	0	0	0	0	0	0	0	0
MYO5A	0	0	0	0	0	0	0	0	1	0	0	0
CARM1	0	1	0	0	0	0	0	0	0	0	0	0
CRTC1	0	0	0	0	0	0	0	0	0	0	0	1
ICE2	0	0	0	0	0	0	0	1	0	0	0	0
ICE1	0	0	0	0	0	1	0	0	0	0	0	0
PAGE4	0	0	0	0	0	0	0	0	1	0	0	0
CCKBR	0	0	0	0	0	0	0	0	0	0	0	1
HECA	0	0	1	0	0	0	0	0	0	0	0	0
APTX	0	0	0	0	0	1	0	0	0	0	0	0
FRG2C	1	0	0	0	0	0	0	0	0	0	0	0
TMEM14EP	0	0	0	0	0	0	0	0	1	0	0	0
BCAS1	0	0	1	0	0	0	0	0	0	0	0	0
CD86	0	0	0	0	0	1	0	0	0	0	0	0
CCDC17	0	0	0	0	0	1	0	0	0	0	0	0
R3HCC1	0	0	1	0	0	0	0	0	0	0	0	0
MARK3	0	0	0	0	0	0	0	0	0	0	1	0
LY6E	0	0	0	0	1	0	0	0	0	0	0	0
ZBED4	0	0	0	0	0	0	0	0	1	0	0	0
ISOC1	0	0	0	0	0	0	0	2	0	0	0	0
WDR17	0	0	0	0	0	1	0	0	0	0	0	0
NEFH	0	0	0	0	0	0	0	0	0	0	1	0
NRG1	0	0	1	0	0	0	0	0	0	0	0	0
CLEC11A	0	0	0	0	0	0	0	1	0	0	0	0
GRPR	0	0	0	0	0	0	0	0	1	0	0	0
SMARCAL1	0	0	0	0	0	0	0	0	0	0	0	1
MEIOC	0	0	0	0	0	0	0	0	1	0	0	0
LIG1	0	0	0	0	0	1	0	0	0	0	0	0
ZNF667	0	0	0	0	0	0	0	0	0	0	0	1
ISCU	0	0	0	0	0	0	0	0	1	0	0	0
ENPP5	0	0	0	0	0	1	0	0	0	0	0	0
ATP2B3	0	1	0	0	0	0	0	0	0	0	0	0
ZNF446	0	0	0	0	0	1	0	0	0	0	0	0
BARHL2	0	0	0	0	0	1	0	0	0	0	0	0
KCTD19	0	0	0	0	0	0	0	0	1	0	0	0
CPS1	0	0	0	0	0	1	0	0	0	0	0	0
AIPL1	0	0	0	0	0	1	0	0	0	0	0	0
TUBA1B	0	0	0	0	0	-1	0	0	0	0	0	0
HCAR3	0	0	0	0	1	0	0	0	0	0	0	0
USP16	0	0	0	0	0	0	0	0	1	0	0	0
TCF23	0	0	0	0	1	0	0	0	0	0	0	0
OR2T2	0	0	0	0	0	0	0	0	0	1	0	0
SLC13A5	0	0	0	0	0	0	1	0	0	0	0	0
CHRNA5	0	0	0	0	0	0	0	0	1	0	0	0
ARFGEF1	0	0	1	0	0	0	0	0	0	0	0	0
XKR4	0	0	0	0	0	0	0	1	0	0	0	0
ZNF106	0	0	0	0	0	0	0	1	0	0	0	0
SEC31A	0	0	0	0	0	0	0	0	1	0	0	0
LRP1B	0	1	0	0	0	0	0	0	0	0	0	0
CFL1	0	0	0	0	1	0	0	0	0	0	0	0
